사용일자,2호선,6호선,합계
2019-01-01,7324,2771,10095
2019-01-02,16136,9721,25857
2019-01-03,16677,10947,27624
2019-01-04,17581,10977,28558
2019-01-05,13609,6782,20391
2019-01-06,9969,5467,15436
2019-01-07,16630,10350,26980
2019-01-08,16990,10489,27479
2019-01-09,16562,10541,27103
2019-01-10,16906,10250,27156
2019-01-11,17437,10522,27959
2019-01-12,13958,6664,20622
2019-01-13,10416,5470,15886
2019-01-14,16172,9656,25828
2019-01-15,16799,10272,27071
2019-01-16,16897,10544,27441
2019-01-17,17031,10165,27196
2019-01-18,17725,10567,28292
2019-01-19,14021,6746,20767
2019-01-20,10384,5557,15941
2019-01-21,16347,9799,26146
2019-01-22,17104,10168,27272
2019-01-23,17156,10364,27520
2019-01-24,16986,10018,27004
2019-01-25,17602,10674,28276
2019-01-26,14154,6899,21053
2019-01-27,10470,5431,15901
2019-01-28,16511,9858,26369
2019-01-29,17168,10124,27292
2019-01-30,17443,10850,28293
2019-01-31,16890,9935,26825
2019-02-01,17486,9832,27318
2019-02-02,11701,5307,17008
2019-02-03,7270,3014,10284
2019-02-04,6284,1827,8111
2019-02-05,5472,1896,7368
2019-02-06,7873,3257,11130
2019-02-07,15800,8481,24281
2019-02-08,16763,10215,26978
2019-02-09,13422,6239,19661
2019-02-10,10055,4917,14972
2019-02-11,16706,10243,26949
2019-02-12,17208,10441,27649
2019-02-13,17372,10702,28074
2019-02-14,17552,10543,28095
2019-02-15,17393,10670,28063
2019-02-16,14590,6939,21529
2019-02-17,10958,5325,16283
2019-02-18,16957,10338,27295
2019-02-19,17031,10420,27451
2019-02-20,17084,10198,27282
2019-02-21,17375,10232,27607
2019-02-22,17672,10469,28141
2019-02-23,14792,6423,21215
2019-02-24,10990,5372,16362
2019-02-25,16990,10615,27605
2019-02-26,17806,10682,28488
2019-02-27,17623,10849,28472
2019-02-28,18520,10758,29278
2019-03-01,13412,7182,20594
2019-03-02,13596,6103,19699
2019-03-03,10518,5587,16105
2019-03-04,17205,10951,28156
2019-03-05,17653,11134,28787
2019-03-06,17546,11508,29054
2019-03-07,18139,11325,29464
2019-03-08,18635,11360,29995
2019-03-09,15025,6555,21580
2019-03-10,11074,5398,16472
2019-03-11,17320,11050,28370
2019-03-12,17512,11345,28857
2019-03-13,17554,11281,28835
2019-03-14,17960,11579,29539
2019-03-15,18332,11773,30105
2019-03-16,15608,7404,23012
2019-03-17,12146,6707,18853
2019-03-18,17319,10960,28279
2019-03-19,17876,11476,29352
2019-03-20,18196,11510,29706
2019-03-21,17904,11208,29112
2019-03-22,18199,11515,29714
2019-03-23,14925,6844,21769
2019-03-24,11510,5790,17300
2019-03-25,17390,10939,28329
2019-03-26,18069,11277,29346
2019-03-27,17994,11400,29394
2019-03-28,17992,11242,29234
2019-03-29,18397,11331,29728
2019-03-30,14335,7169,21504
2019-03-31,10707,5775,16482
2019-04-01,17066,10715,27781
2019-04-02,17692,11265,28957
2019-04-03,18032,11443,29475
2019-04-04,17795,11454,29249
2019-04-05,18611,11431,30042
2019-04-06,14675,6912,21587
2019-04-07,11516,6000,17516
2019-04-08,17062,10878,27940
2019-04-09,17737,11300,29037
2019-04-10,17430,11260,28690
2019-04-11,17869,11391,29260
2019-04-12,18234,11413,29647
2019-04-13,15383,6391,21774
2019-04-14,9916,5704,15620
2019-04-15,17602,10948,28550
2019-04-16,17706,11287,28993
2019-04-17,17822,11193,29015
2019-04-18,17637,11254,28891
2019-04-19,17831,11185,29016
2019-04-20,14793,6751,21544
2019-04-21,11039,5857,16896
2019-04-22,17005,10679,27684
2019-04-23,17450,10977,28427
2019-04-24,17398,10887,28285
2019-04-25,17658,11152,28810
2019-04-26,17919,11223,29142
2019-04-27,14904,6752,21656
2019-04-28,11121,5812,16933
2019-04-29,17019,10858,27877
2019-04-30,18150,11359,29509
2019-05-01,14837,9256,24093
2019-05-02,17889,11176,29065
2019-05-03,18137,11050,29187
2019-05-04,14687,6772,21459
2019-05-05,11584,6128,17712
2019-05-06,11908,6754,18662
2019-05-07,17417,10544,27961
2019-05-08,17737,10952,28689
2019-05-09,17835,11246,29081
2019-05-10,18559,11188,29747
2019-05-11,14859,6816,21675
2019-05-12,11312,5835,17147
2019-05-13,16983,10680,27663
2019-05-14,17973,11215,29188
2019-05-15,17682,11022,28704
2019-05-16,17751,11067,28818
2019-05-17,17652,10964,28616
2019-05-18,14410,6622,21032
2019-05-19,10013,5988,16001
2019-05-20,17058,10147,27205
2019-05-21,17924,11158,29082
2019-05-22,17626,11243,28869
2019-05-23,17882,11095,28977
2019-05-24,17922,11140,29062
2019-05-25,14711,6970,21681
2019-05-26,11357,6588,17945
2019-05-27,16318,10517,26835
2019-05-28,17759,11219,28978
2019-05-29,17770,11111,28881
2019-05-30,17423,10974,28397
2019-05-31,17877,10934,28811
2019-06-01,13903,6740,20643
2019-06-02,10927,6089,17016
2019-06-03,16843,10498,27341
2019-06-04,17294,10748,28042
2019-06-05,17821,10978,28799
2019-06-06,11615,6538,18153
2019-06-07,16099,10535,26634
2019-06-08,13453,6069,19522
2019-06-09,10340,5318,15658
2019-06-10,16600,10624,27224
2019-06-11,17740,11420,29160
2019-06-12,17536,11262,28798
2019-06-13,17412,10994,28406
2019-06-14,17745,11062,28807
2019-06-15,14218,7037,21255
2019-06-16,10825,5956,16781
2019-06-17,16914,10789,27703
2019-06-18,17264,11048,28312
2019-06-19,17287,11258,28545
2019-06-20,17733,10953,28686
2019-06-21,17815,11329,29144
2019-06-22,14074,6095,20169
2019-06-23,10770,5822,16592
2019-06-24,16949,10539,27488
2019-06-25,17540,10909,28449
2019-06-26,17593,11040,28633
2019-06-27,17162,10908,28070
2019-06-28,17751,11166,28917
2019-06-29,13505,6522,20027
2019-06-30,10429,5679,16108
2019-07-01,16636,10658,27294
2019-07-02,17155,10554,27709
2019-07-03,16978,10400,27378
2019-07-04,17084,10615,27699
2019-07-05,17524,10644,28168
2019-07-06,13167,5639,18806
2019-07-07,10524,5063,15587
2019-07-08,16511,10472,26983
2019-07-09,17163,10498,27661
2019-07-10,17476,10700,28176
2019-07-11,16969,10870,27839
2019-07-12,17557,11044,28601
2019-07-13,13511,6135,19646
2019-07-14,10413,4862,15275
2019-07-15,16500,10441,26941
2019-07-16,17075,10424,27499
2019-07-17,17050,10631,27681
2019-07-18,17022,10130,27152
2019-07-19,17425,10312,27737
2019-07-20,13051,6081,19132
2019-07-21,9417,5013,14430
2019-07-22,16617,10168,26785
2019-07-23,16833,10085,26918
2019-07-24,16532,9942,26474
2019-07-25,16620,10106,26726
2019-07-26,15595,9768,25363
2019-07-27,12418,5587,18005
2019-07-28,8682,4253,12935
2019-07-29,16119,9640,25759
2019-07-30,15896,9740,25636
2019-07-31,15417,9422,24839
2019-08-01,15687,9630,25317
2019-08-02,15452,9322,24774
2019-08-03,10845,4826,15671
2019-08-04,8896,3661,12557
2019-08-05,14265,6097,20362
2019-08-06,14847,6347,21194
2019-08-07,15131,6956,22087
2019-08-08,15541,7287,22828
2019-08-09,16064,7345,23409
2019-08-10,12128,5500,17628
2019-08-11,9451,4474,13925
2019-08-12,15619,9897,25516
2019-08-13,16575,10449,27024
2019-08-14,16971,10631,27602
2019-08-15,10437,6458,16895
2019-08-16,16067,10544,26611
2019-08-17,12303,5810,18113
2019-08-18,10141,5520,15661
2019-08-19,16384,10531,26915
2019-08-20,16941,10826,27767
2019-08-21,17036,10856,27892
2019-08-22,16808,10567,27375
2019-08-23,17413,10892,28305
2019-08-24,13245,6107,19352
2019-08-25,10324,4994,15318
2019-08-26,16600,10594,27194
2019-08-27,17157,10751,27908
2019-08-28,17202,10879,28081
2019-08-29,16717,10672,27389
2019-08-30,17993,11491,29484
2019-08-31,14042,7011,21053
2019-09-01,10588,5822,16410
2019-09-02,17123,10776,27899
2019-09-03,17694,11127,28821
2019-09-04,17106,10819,27925
2019-09-05,16894,10901,27795
2019-09-06,17762,11093,28855
2019-09-07,10200,5134,15334
2019-09-08,10543,5357,15900
2019-09-09,17265,10913,28178
2019-09-10,17359,11008,28367
2019-09-11,16702,8170,24872
2019-09-12,7336,2330,9666
2019-09-13,6249,2352,8601
2019-09-14,8011,3473,11484
2019-09-15,9548,3654,13202
2019-09-16,16533,9599,26132
2019-09-17,17352,11178,28530
2019-09-18,17645,10903,28548
2019-09-19,17701,11018,28719
2019-09-20,18024,11183,29207
2019-09-21,14343,6498,20841
2019-09-22,9471,5586,15057
2019-09-23,17143,10874,28017
2019-09-24,17696,10905,28601
2019-09-25,17829,11345,29174
2019-09-26,17838,10948,28786
2019-09-27,18059,11244,29303
2019-09-28,14412,7102,21514
2019-09-29,11007,5734,16741
2019-09-30,17152,10799,27951
2019-10-01,17429,10637,28066
2019-10-02,17602,11234,28836
2019-10-03,12642,6946,19588
2019-10-04,17502,11012,28514
2019-10-05,14180,6770,20950
2019-10-06,11035,5191,16226
2019-10-07,16257,10772,27029
2019-10-08,18159,11511,29670
2019-10-09,12965,6885,19850
2019-10-10,17489,11200,28689
2019-10-11,18260,11429,29689
2019-10-12,14234,6795,21029
2019-10-13,11311,6297,17608
2019-10-14,17111,10800,27911
2019-10-15,17626,10772,28398
2019-10-16,17613,10858,28471
2019-10-17,17285,11196,28481
2019-10-18,17767,11068,28835
2019-10-19,14314,7009,21323
2019-10-20,11002,6024,17026
2019-10-21,16936,10854,27790
2019-10-22,17408,11008,28416
2019-10-23,17432,10941,28373
2019-10-24,17494,11130,28624
2019-10-25,18238,10981,29219
2019-10-26,14752,6630,21382
2019-10-27,11297,5521,16818
2019-10-28,17425,10948,28373
2019-10-29,17802,10691,28493
2019-10-30,17478,10825,28303
2019-10-31,17551,10702,28253
2019-11-01,17879,10887,28766
2019-11-02,14225,6234,20459
2019-11-03,11056,5629,16685
2019-11-04,17045,10577,27622
2019-11-05,17344,10748,28092
2019-11-06,17294,10688,27982
2019-11-07,17501,10731,28232
2019-11-08,17791,10916,28707
2019-11-09,14587,6379,20966
2019-11-10,10693,5435,16128
2019-11-11,16656,10463,27119
2019-11-12,17416,10551,27967
2019-11-13,17031,10884,27915
2019-11-14,17231,10421,27652
2019-11-15,17147,10853,28000
2019-11-16,14494,6901,21395
2019-11-17,9564,5831,15395
2019-11-18,17122,10579,27701
2019-11-19,17506,11177,28683
2019-11-20,17672,11507,29179
2019-11-21,17575,11089,28664
2019-11-22,18252,11640,29892
2019-11-23,14932,7452,22384
2019-11-24,10881,6196,17077
2019-11-25,17017,10623,27640
2019-11-26,17729,11162,28891
2019-11-27,18079,11661,29740
2019-11-28,17840,11331,29171
2019-11-29,18400,11402,29802
2019-11-30,14594,6951,21545
2019-12-01,9621,5516,15137
2019-12-02,17169,10581,27750
2019-12-03,17354,11254,28608
2019-12-04,17715,11525,29240
2019-12-05,17693,11231,28924
2019-12-06,17684,12101,29785
2019-12-07,14862,7421,22283
2019-12-08,11022,5792,16814
2019-12-09,16727,10764,27491
2019-12-10,17740,11319,29059
2019-12-11,17769,11404,29173
2019-12-12,17796,11482,29278
2019-12-13,18729,11945,30674
2019-12-14,15813,7560,23373
2019-12-15,11186,5955,17141
2019-12-16,17155,10557,27712
2019-12-17,16878,10829,27707
2019-12-18,17943,11718,29661
2019-12-19,18247,11263,29510
2019-12-20,19020,11938,30958
2019-12-21,16009,7484,23493
2019-12-22,11646,5952,17598
2019-12-23,17952,11030,28982
2019-12-24,18808,11520,30328
2019-12-25,11835,6667,18502
2019-12-26,17466,11151,28617
2019-12-27,18146,11589,29735
2019-12-28,14103,6671,20774
2019-12-29,10368,5591,15959
2019-12-30,16736,10632,27368
2019-12-31,16280,8050,24330
2020-01-01,7796,3630,11426
2020-01-02,16169,8744,24913
2020-01-03,16803,9575,26378
2020-01-04,13130,6013,19143
2020-01-05,10098,5206,15304
2020-01-06,16263,10092,26355
2020-01-07,15754,10537,26291
2020-01-08,16917,10536,27453
2020-01-09,16835,10214,27049
2020-01-10,17731,10976,28707
2020-01-11,13976,6880,20856
2020-01-12,10658,5591,16249
2020-01-13,16398,9787,26185
2020-01-14,17177,10442,27619
2020-01-15,17506,10987,28493
2020-01-16,17378,10382,27760
2020-01-17,17507,10948,28455
2020-01-18,14301,6920,21221
2020-01-19,10066,5531,15597
2020-01-20,16764,9648,26412
2020-01-21,17264,10049,27313
2020-01-22,17433,10510,27943
2020-01-23,15701,7166,22867
2020-01-24,6734,2252,8986
2020-01-25,5664,1808,7472
2020-01-26,8541,3540,12081
2020-01-27,7954,3773,11727
2020-01-28,14839,7987,22826
2020-01-29,16102,10078,26180
2020-01-30,15788,9619,25407
2020-01-31,16051,9974,26025
2020-02-01,11429,5780,17209
2020-02-02,8197,4632,12829
2020-02-03,14829,8911,23740
2020-02-04,15357,9570,24927
2020-02-05,14777,9689,24466
2020-02-06,14668,9217,23885
2020-02-07,15393,10260,25653
2020-02-08,10760,5357,16117
2020-02-09,8049,4898,12947
2020-02-10,14691,9078,23769
2020-02-11,15478,9661,25139
2020-02-12,15017,9980,24997
2020-02-13,15823,9714,25537
2020-02-14,16406,10206,26612
2020-02-15,12018,5799,17817
2020-02-16,8054,5068,13122
2020-02-17,14972,9545,24517
2020-02-18,15621,10235,25856
2020-02-19,15737,10234,25971
2020-02-20,15259,9546,24805
2020-02-21,15121,9530,24651
2020-02-22,9858,5358,15216
2020-02-23,6996,4503,11499
2020-02-24,12871,7826,20697
2020-02-25,12075,7920,19995
2020-02-26,12378,7878,20256
2020-02-27,12200,7354,19554
2020-02-28,11930,7577,19507
2020-02-29,7581,3727,11308
2020-03-01,4980,3252,8232
2020-03-02,11413,6843,18256
2020-03-03,11686,7289,18975
2020-03-04,11612,7461,19073
2020-03-05,11473,7239,18712
2020-03-06,12107,7492,19599
2020-03-07,7770,3766,11536
2020-03-08,5661,3490,9151
2020-03-09,11566,6968,18534
2020-03-10,11341,7338,18679
2020-03-11,11863,7618,19481
2020-03-12,11552,7292,18844
2020-03-13,12049,7647,19696
2020-03-14,8374,3955,12329
2020-03-15,5618,3776,9394
2020-03-16,11649,6901,18550
2020-03-17,11696,7116,18812
2020-03-18,11824,7122,18946
2020-03-19,11373,6716,18089
2020-03-20,12433,7114,19547
2020-03-21,8214,3494,11708
2020-03-22,5979,3363,9342
2020-03-23,11793,6832,18625
2020-03-24,11877,6980,18857
2020-03-25,12082,7050,19132
2020-03-26,11839,6815,18654
2020-03-27,12249,6997,19246
2020-03-28,8353,3288,11641
2020-03-29,6141,3571,9712
2020-03-30,12016,6909,18925
2020-03-31,11958,6803,18761
2020-04-01,12051,6781,18832
2020-04-02,11841,6927,18768
2020-04-03,12329,6996,19325
2020-04-04,8437,3271,11708
2020-04-05,5959,3133,9092
2020-04-06,12051,7205,19256
2020-04-07,12346,7287,19633
2020-04-08,12373,7344,19717
2020-04-09,12260,7150,19410
2020-04-10,12577,7078,19655
2020-04-11,8576,3281,11857
2020-04-12,6250,3298,9548
2020-04-13,12408,7091,19499
2020-04-14,12845,7506,20351
2020-04-15,8301,4753,13054
2020-04-16,12615,7309,19924
2020-04-17,12371,7184,19555
2020-04-18,9566,3720,13286
2020-04-19,6388,3334,9722
2020-04-20,12857,7231,20088
2020-04-21,13118,7402,20520
2020-04-22,12806,7460,20266
2020-04-23,12986,7298,20284
2020-04-24,13592,7571,21163
2020-04-25,9340,3901,13241
2020-04-26,7546,3704,11250
2020-04-27,13334,7534,20868
2020-04-28,13415,7686,21101
2020-04-29,13815,8014,21829
2020-04-30,8934,4968,13902
2020-05-01,9726,5625,15351
2020-05-02,8682,3592,12274
2020-05-03,7347,3303,10650
2020-05-04,12435,7259,19694
2020-05-05,8285,4707,12992
2020-05-06,13689,8014,21703
2020-05-07,13993,7870,21863
2020-05-08,14297,7794,22091
2020-05-09,8616,3996,12612
2020-05-10,7522,3662,11184
2020-05-11,13588,7770,21358
2020-05-12,13732,7930,21662
2020-05-13,13712,7847,21559
2020-05-14,13460,7722,21182
2020-05-15,13361,7726,21087
2020-05-16,9755,4267,14022
2020-05-17,7818,3895,11713
2020-05-18,13188,7662,20850
2020-05-19,13412,7663,21075
2020-05-20,14191,8249,22440
2020-05-21,13750,7948,21698
2020-05-22,14408,8317,22725
2020-05-23,10476,4670,15146
2020-05-24,7283,3886,11169
2020-05-25,14001,7969,21970
2020-05-26,13878,8190,22068
2020-05-27,14086,8473,22559
2020-05-28,13723,8340,22063
2020-05-29,14115,8306,22421
2020-05-30,10043,4240,14283
2020-05-31,7477,3641,11118
2020-06-01,13617,8018,21635
2020-06-02,13278,7808,21086
2020-06-03,13984,8266,22250
2020-06-04,13670,8057,21727
2020-06-05,13979,8452,22431
2020-06-06,9247,4097,13344
2020-06-07,7668,3824,11492
2020-06-08,13525,8029,21554
2020-06-09,13391,8097,21488
2020-06-10,13779,8378,22157
2020-06-11,13883,8311,22194
2020-06-12,14133,8343,22476
2020-06-13,9999,4308,14307
2020-06-14,7322,3655,10977
2020-06-15,13582,8334,21916
2020-06-16,13683,8316,21999
2020-06-17,13656,8213,21869
2020-06-18,13520,8198,21718
2020-06-19,13952,8252,22204
2020-06-20,9933,4383,14316
2020-06-21,7481,3830,11311
2020-06-22,13340,8224,21564
2020-06-23,13668,8457,22125
2020-06-24,13051,8373,21424
2020-06-25,13814,8301,22115
2020-06-26,14271,8631,22902
2020-06-27,10451,4514,14965
2020-06-28,7734,3842,11576
2020-06-29,13777,8384,22161
2020-06-30,13671,8408,22079
2020-07-01,14172,8527,22699
2020-07-02,14069,8446,22515
2020-07-03,14414,8847,23261
2020-07-04,10036,4450,14486
2020-07-05,7857,3977,11834
2020-07-06,13918,8225,22143
2020-07-07,13889,8291,22180
2020-07-08,14142,8356,22498
2020-07-09,14057,8449,22506
2020-07-10,14195,8441,22636
2020-07-11,9962,4017,13979
2020-07-12,7732,3828,11560
2020-07-13,13161,8227,21388
2020-07-14,14154,8394,22548
2020-07-15,14460,8539,22999
2020-07-16,14154,8323,22477
2020-07-17,14191,8307,22498
2020-07-18,10084,4510,14594
2020-07-19,6436,3673,10109
2020-07-20,13686,8139,21825
2020-07-21,14154,8267,22421
2020-07-22,13717,8482,22199
2020-07-23,13699,8851,22550
2020-07-24,14294,8611,22905
2020-07-25,10488,4515,15003
2020-07-26,7974,4005,11979
2020-07-27,13619,8517,22136
2020-07-28,13989,8662,22651
2020-07-29,13548,8560,22108
2020-07-30,13930,8447,22377
2020-07-31,14442,8628,23070
2020-08-01,8731,3693,12424
2020-08-02,6031,3451,9482
2020-08-03,12166,7587,19753
2020-08-04,12973,7730,20703
2020-08-05,13165,7760,20925
2020-08-06,13721,8321,22042
2020-08-07,14374,8923,23297
2020-08-08,10168,5079,15247
2020-08-09,5873,3031,8904
2020-08-10,12852,5502,18354
2020-08-11,12973,5896,18869
2020-08-12,13510,5964,19474
2020-08-13,13483,5901,19384
2020-08-14,13346,5918,19264
2020-08-15,8313,3985,12298
2020-08-16,7246,3422,10668
2020-08-17,9263,5240,14503
2020-08-18,12925,8102,21027
2020-08-19,12461,7744,20205
2020-08-20,12167,7510,19677
2020-08-21,12383,7285,19668
2020-08-22,7445,3290,10735
2020-08-23,5597,2985,8582
2020-08-24,11942,7305,19247
2020-08-25,12128,7436,19564
2020-08-26,11784,7307,19091
2020-08-27,11059,6731,17790
2020-08-28,11929,7164,19093
2020-08-29,7152,2943,10095
2020-08-30,4860,2649,7509
2020-08-31,11289,6882,18171
2020-09-01,11217,6887,18104
2020-09-02,10858,6960,17818
2020-09-03,10795,6803,17598
2020-09-04,11840,6941,18781
2020-09-05,7555,3206,10761
2020-09-06,5385,2884,8269
2020-09-07,10859,7092,17951
2020-09-08,11952,7156,19108
2020-09-09,11633,7064,18697
2020-09-10,11887,7111,18998
2020-09-11,12234,7188,19422
2020-09-12,7822,3128,10950
2020-09-13,6232,3144,9376
2020-09-14,12376,7369,19745
2020-09-15,12726,7498,20224
2020-09-16,12647,7678,20325
2020-09-17,12639,7551,20190
2020-09-18,13406,7842,21248
2020-09-19,9426,3982,13408
2020-09-20,6915,3629,10544
2020-09-21,13072,7826,20898
2020-09-22,13349,8095,21444
2020-09-23,13594,8276,21870
2020-09-24,13343,8122,21465
2020-09-25,13892,8192,22084
2020-09-26,10254,4258,14512
2020-09-27,7275,4000,11275
2020-09-28,13850,7906,21756
2020-09-29,13452,6880,20332
2020-09-30,5793,1811,7604
2020-10-01,4073,1205,5278
2020-10-02,5228,2247,7475
2020-10-03,6769,2697,9466
2020-10-04,6581,2767,9348
2020-10-05,13328,7824,21152
2020-10-06,13633,8307,21940
2020-10-07,13698,8302,22000
2020-10-08,14319,8515,22834
2020-10-09,9581,5481,15062
2020-10-10,9857,4362,14219
2020-10-11,7324,3940,11264
2020-10-12,13551,8159,21710
2020-10-13,14041,8464,22505
2020-10-14,14199,8424,22623
2020-10-15,13955,8494,22449
2020-10-16,14415,8510,22925
2020-10-17,10740,5015,15755
2020-10-18,8008,3930,11938
2020-10-19,13691,8268,21959
2020-10-20,14240,8268,22508
2020-10-21,14219,8460,22679
2020-10-22,14216,8280,22496
2020-10-23,14838,8645,23483
2020-10-24,10580,4258,14838
2020-10-25,8285,3759,12044
2020-10-26,14099,8367,22466
2020-10-27,14232,8250,22482
2020-10-28,14288,8241,22529
2020-10-29,14178,8258,22436
2020-10-30,14974,8624,23598
2020-10-31,11060,4696,15756
2020-11-01,7088,3755,10843
2020-11-02,14108,8539,22647
2020-11-03,14246,8482,22728
2020-11-04,14331,8696,23027
2020-11-05,14371,8455,22826
2020-11-06,14767,8673,23440
2020-11-07,11121,4511,15632
2020-11-08,8151,4234,12385
2020-11-09,13921,8261,22182
2020-11-10,14281,8469,22750
2020-11-11,14649,8648,23297
2020-11-12,14351,8493,22844
2020-11-13,15010,8906,23916
2020-11-14,11082,4808,15890
2020-11-15,8588,4750,13338
2020-11-16,13642,8329,21971
2020-11-17,14198,8683,22881
2020-11-18,14009,8609,22618
2020-11-19,13497,8308,21805
2020-11-20,14744,8908,23652
2020-11-21,9924,4352,14276
2020-11-22,7337,4301,11638
2020-11-23,13390,8120,21510
2020-11-24,13370,8237,21607
2020-11-25,13470,8209,21679
2020-11-26,12978,7583,20561
2020-11-27,13219,7535,20754
2020-11-28,8615,3649,12264
2020-11-29,6484,3509,9993
2020-11-30,12580,7208,19788
2020-12-01,12561,7254,19815
2020-12-02,13011,7707,20718
2020-12-03,13007,7517,20524
2020-12-04,12959,7149,20108
2020-12-05,8663,3576,12239
2020-12-06,6419,3544,9963
2020-12-07,12291,7115,19406
2020-12-08,11767,7044,18811
2020-12-09,11872,7002,18874
2020-12-10,11881,7052,18933
2020-12-11,12300,6676,18976
2020-12-12,7924,3305,11229
2020-12-13,4938,2754,7692
2020-12-14,10929,6626,17555
2020-12-15,10941,6397,17338
2020-12-16,10999,6553,17552
2020-12-17,11241,6541,17782
2020-12-18,11908,6741,18649
2020-12-19,7358,3009,10367
2020-12-20,5155,2669,7824
2020-12-21,11719,7059,18778
2020-12-22,11433,6976,18409
2020-12-23,11497,7008,18505
2020-12-24,11814,6926,18740
2020-12-25,5924,2853,8777
2020-12-26,6753,2539,9292
2020-12-27,5148,2679,7827
2020-12-28,11480,6667,18147
2020-12-29,11418,6755,18173
2020-12-30,11022,6471,17493
2020-12-31,10577,4642,15219
2021-01-01,3806,1393,5199
2021-01-02,6298,2096,8394
2021-01-03,5114,2576,7690
2021-01-04,11253,6695,17948
2021-01-05,11647,6631,18278
2021-01-06,11893,7069,18962
2021-01-07,11843,7251,19094
2021-01-08,11298,6924,18222
2021-01-09,7357,2964,10321
2021-01-10,5279,2802,8081
2021-01-11,11681,6587,18268
2021-01-12,12620,7393,20013
2021-01-13,12108,7162,19270
2021-01-14,12129,6979,19108
2021-01-15,12240,7015,19255
2021-01-16,8521,3227,11748
2021-01-17,5890,3026,8916
2021-01-18,12432,7231,19663
2021-01-19,12231,7096,19327
2021-01-20,12852,7123,19975
2021-01-21,12473,7196,19669
2021-01-22,12861,7560,20421
2021-01-23,9176,3522,12698
2021-01-24,6767,3206,9973
2021-01-25,12899,7326,20225
2021-01-26,12500,7244,19744
2021-01-27,13316,7590,20906
2021-01-28,12700,7397,20097
2021-01-29,12647,7178,19825
2021-01-30,9370,3797,13167
2021-01-31,7043,3414,10457
2021-02-01,12971,7293,20264
2021-02-02,12950,7562,20512
2021-02-03,13719,7758,21477
2021-02-04,13460,7633,21093
2021-02-05,13859,7699,21558
2021-02-06,10031,4297,14328
2021-02-07,7430,3954,11384
2021-02-08,13431,7460,20891
2021-02-09,13920,7369,21289
2021-02-10,12864,5502,18366
2021-02-11,5589,1735,7324
2021-02-12,3801,1273,5074
2021-02-13,6422,2556,8978
2021-02-14,6676,2586,9262
2021-02-15,12849,6523,19372
2021-02-16,13293,7884,21177
2021-02-17,13017,7830,20847
2021-02-18,13231,7814,21045
2021-02-19,14158,8199,22357
2021-02-20,10310,4433,14743
2021-02-21,7847,4051,11898
2021-02-22,13439,7668,21107
2021-02-23,13719,8069,21788
2021-02-24,13890,8142,22032
2021-02-25,13999,7835,21834
2021-02-26,14302,8028,22330
2021-02-27,10626,4549,15175
2021-02-28,8262,4490,12752
2021-03-01,7157,4867,12024
2021-03-02,13820,8181,22001
2021-03-03,14236,8318,22554
2021-03-04,13973,8221,22194
2021-03-05,14717,8555,23272
2021-03-06,11053,4716,15769
2021-03-07,8399,4783,13182
2021-03-08,13730,8117,21847
2021-03-09,14361,8343,22704
2021-03-10,14323,8328,22651
2021-03-11,14067,8131,22198
2021-03-12,14401,8399,22800
2021-03-13,10947,4484,15431
2021-03-14,8125,3972,12097
2021-03-15,13872,8083,21955
2021-03-16,14108,8207,22315
2021-03-17,14161,8289,22450
2021-03-18,14139,8075,22214
2021-03-19,14878,8262,23140
2021-03-20,9931,4356,14287
2021-03-21,8003,3878,11881
2021-03-22,13847,8167,22014
2021-03-23,14357,8236,22593
2021-03-24,14303,8557,22860
2021-03-25,14565,8461,23026
2021-03-26,14902,8831,23733
2021-03-27,10230,4959,15189
2021-03-28,7046,3626,10672
2021-03-29,13756,8094,21850
2021-03-30,14314,8644,22958
2021-03-31,14486,8649,23135
2021-04-01,14214,8623,22837
2021-04-02,14664,8738,23402
2021-04-03,9285,4530,13815
2021-04-04,7931,4030,11961
2021-04-05,13906,8340,22246
2021-04-06,14316,8640,22956
2021-04-07,14097,8387,22484
2021-04-08,14266,8533,22799
2021-04-09,14883,8836,23719
2021-04-10,10788,4759,15547
2021-04-11,8056,4216,12272
2021-04-12,13448,8232,21680
2021-04-13,14190,8589,22779
2021-04-14,14244,8617,22861
2021-04-15,14147,8603,22750
2021-04-16,14222,8431,22653
2021-04-17,10502,4903,15405
2021-04-18,8055,4000,12055
2021-04-19,13747,7980,21727
2021-04-20,14098,8632,22730
2021-04-21,14257,8621,22878
2021-04-22,14113,8606,22719
2021-04-23,14278,8216,22494
2021-04-24,10676,4776,15452
2021-04-25,8397,4334,12731
2021-04-26,13926,8102,22028
2021-04-27,14216,8458,22674
2021-04-28,14369,8345,22714
2021-04-29,14230,8230,22460
2021-04-30,14760,8330,23090
2021-05-01,10064,4672,14736
2021-05-02,8452,4339,12791
2021-05-03,14176,8078,22254
2021-05-04,14106,8511,22617
2021-05-05,9772,5529,15301
2021-05-06,14257,8601,22858
2021-05-07,14283,8550,22833
2021-05-08,9545,4391,13936
2021-05-09,7905,4026,11931
2021-05-10,13760,7974,21734
2021-05-11,14535,8866,23401
2021-05-12,14593,8860,23453
2021-05-13,14432,8482,22914
2021-05-14,15245,8924,24169
2021-05-15,10600,5123,15723
2021-05-16,6416,3895,10311
2021-05-17,13794,8318,22112
2021-05-18,14947,8763,23710
2021-05-19,10080,5675,15755
2021-05-20,14071,8036,22107
2021-05-21,14340,8187,22527
2021-05-22,10690,4475,15165
2021-05-23,8073,4105,12178
2021-05-24,13906,8336,22242
2021-05-25,14111,8457,22568
2021-05-26,14259,8423,22682
2021-05-27,13861,8225,22086
2021-05-28,13994,8650,22644
2021-05-29,10309,4497,14806
2021-05-30,8426,4298,12724
2021-05-31,13463,8097,21560
2021-06-01,13811,8443,22254
2021-06-02,14015,8398,22413
2021-06-03,13526,8306,21832
2021-06-04,14764,8595,23359
2021-06-05,10569,4681,15250
2021-06-06,7959,4076,12035
2021-06-07,13513,7996,21509
2021-06-08,13814,8219,22033
2021-06-09,13944,8317,22261
2021-06-10,14084,8467,22551
2021-06-11,14148,8154,22302
2021-06-12,10233,4574,14807
2021-06-13,7729,4221,11950
2021-06-14,13356,8053,21409
2021-06-15,13590,8317,21907
2021-06-16,13932,8289,22221
2021-06-17,13856,8374,22230
2021-06-18,14104,8389,22493
2021-06-19,10677,4657,15334
2021-06-20,8029,4239,12268
2021-06-21,14099,8115,22214
2021-06-22,14327,8487,22814
2021-06-23,14369,8600,22969
2021-06-24,14115,8496,22611
2021-06-25,14960,8793,23753
2021-06-26,10864,5144,16008
2021-06-27,8568,4863,13431
2021-06-28,13904,8549,22453
2021-06-29,14299,9057,23356
2021-06-30,14409,9206,23615
2021-07-01,14532,9104,23636
2021-07-02,14981,9272,24253
2021-07-03,10286,4547,14833
2021-07-04,6558,4142,10700
2021-07-05,13904,8374,22278
2021-07-06,14266,8681,22947
2021-07-07,13826,8741,22567
2021-07-08,13480,8269,21749
2021-07-09,13597,8208,21805
2021-07-10,9016,3987,13003
2021-07-11,6216,3416,9632
2021-07-12,12281,7434,19715
2021-07-13,12360,7514,19874
2021-07-14,12042,7593,19635
2021-07-15,11871,7414,19285
2021-07-16,12403,7438,19841
2021-07-17,8166,3550,11716
2021-07-18,6015,3472,9487
2021-07-19,12095,7647,19742
2021-07-20,12532,7862,20394
2021-07-21,12172,7586,19758
2021-07-22,12149,7552,19701
2021-07-23,12631,7501,20132
2021-07-24,8172,3537,11709
2021-07-25,5898,3571,9469
2021-07-26,12021,7367,19388
2021-07-27,12347,7528,19875
2021-07-28,12086,7424,19510
2021-07-29,12056,7470,19526
2021-07-30,12398,7745,20143
2021-07-31,8232,4178,12410
2021-08-01,5943,4032,9975
2021-08-02,11400,6564,17964
2021-08-03,11790,7153,18943
2021-08-04,11811,7803,19614
2021-08-05,12026,7490,19516
2021-08-06,12473,7741,20214
2021-08-07,8674,4232,12906
2021-08-08,6327,3203,9530
2021-08-09,11815,5043,16858
2021-08-10,12058,5435,17493
2021-08-11,12115,5968,18083
2021-08-12,11849,5889,17738
2021-08-13,12222,6010,18232
2021-08-14,8974,4300,13274
2021-08-15,6767,3143,9910
2021-08-16,8740,5027,13767
2021-08-17,12765,8649,21414
2021-08-18,12783,8579,21362
2021-08-19,12889,8566,21455
2021-08-20,13159,8277,21436
2021-08-21,8278,4446,12724
2021-08-22,6929,3970,10899
2021-08-23,12612,7953,20565
2021-08-24,12818,8255,21073
2021-08-25,13167,8710,21877
2021-08-26,13252,8304,21556
2021-08-27,13052,8425,21477
2021-08-28,9844,4880,14724
2021-08-29,7284,4490,11774
2021-08-30,13081,8086,21167
2021-08-31,12809,8577,21386
2021-09-01,13157,8621,21778
2021-09-02,13208,8278,21486
2021-09-03,13811,8532,22343
2021-09-04,10183,5117,15300
2021-09-05,7670,4520,12190
2021-09-06,13193,8288,21481
2021-09-07,12752,8745,21497
2021-09-08,13629,8998,22627
2021-09-09,13416,8567,21983
2021-09-10,13745,8681,22426
2021-09-11,10527,5012,15539
2021-09-12,8034,4825,12859
2021-09-13,13245,8115,21360
2021-09-14,13606,8514,22120
2021-09-15,14179,9245,23424
2021-09-16,13891,8760,22651
2021-09-17,14423,8701,23124
2021-09-18,9487,4364,13851
2021-09-19,7240,3207,10447
2021-09-20,5199,1665,6864
2021-09-21,4153,1371,5524
2021-09-22,6477,3353,9830
2021-09-23,12673,7439,20112
2021-09-24,13556,8637,22193
2021-09-25,9809,4633,14442
2021-09-26,7411,4581,11992
2021-09-27,13211,7996,21207
2021-09-28,13529,8528,22057
2021-09-29,13121,8996,22117
2021-09-30,13652,8706,22358
2021-10-01,13932,8672,22604
2021-10-02,10173,4834,15007
2021-10-03,8213,4827,13040
2021-10-04,9355,5593,14948
2021-10-05,13262,8215,21477
2021-10-06,13282,8858,22140
2021-10-07,13604,8465,22069
2021-10-08,13907,8790,22697
2021-10-09,10160,4619,14779
2021-10-10,7541,4417,11958
2021-10-11,9884,5823,15707
2021-10-12,13618,8056,21674
2021-10-13,13951,8704,22655
2021-10-14,13452,8150,21602
2021-10-15,14001,8439,22440
2021-10-16,10847,4767,15614
2021-10-17,7750,4170,11920
2021-10-18,13334,8141,21475
2021-10-19,13614,8698,22312
2021-10-20,14184,8922,23106
2021-10-21,13983,8671,22654
2021-10-22,14516,8907,23423
2021-10-23,10980,4976,15956
2021-10-24,8336,4420,12756
2021-10-25,13810,8355,22165
2021-10-26,14263,8762,23025
2021-10-27,14455,9309,23764
2021-10-28,14209,8826,23035
2021-10-29,14910,9507,24417
2021-10-30,11274,5651,16925
2021-10-31,8960,4968,13928
2021-11-01,13846,8153,21999
2021-11-02,14276,8376,22652
2021-11-03,14121,8510,22631
2021-11-04,14024,8418,22442
2021-11-05,14563,8620,23183
2021-11-06,11179,4545,15724
2021-11-07,8621,4135,12756
2021-11-08,13098,8106,21204
2021-11-09,13687,8136,21823
2021-11-10,14371,8475,22846
2021-11-11,14355,8433,22788
2021-11-12,14488,8571,23059
2021-11-13,11206,4609,15815
2021-11-14,8494,4230,12724
2021-11-15,13688,8016,21704
2021-11-16,14188,8670,22858
2021-11-17,14633,9204,23837
2021-11-18,14121,8522,22643
2021-11-19,14626,8643,23269
2021-11-20,11380,5549,16929
2021-11-21,8443,4545,12988
2021-11-22,13786,8216,22002
2021-11-23,14245,9054,23299
2021-11-24,14381,9321,23702
2021-11-25,14558,9158,23716
2021-11-26,14823,9274,24097
2021-11-27,11420,5951,17371
2021-11-28,8821,4864,13685
2021-11-29,13824,8405,22229
2021-11-30,13572,8682,22254
2021-12-01,14104,9533,23637
2021-12-02,14017,8866,22883
2021-12-03,14831,9274,24105
2021-12-04,10974,5481,16455
2021-12-05,8134,4715,12849
2021-12-06,13392,8205,21597
2021-12-07,14101,8923,23024
2021-12-08,13982,9166,23148
2021-12-09,13757,8899,22656
2021-12-10,14069,9062,23131
2021-12-11,10764,5098,15862
2021-12-12,8225,4504,12729
2021-12-13,12886,8303,21189
2021-12-14,13648,8853,22501
2021-12-15,13971,8941,22912
2021-12-16,13665,8453,22118
2021-12-17,14212,9405,23617
2021-12-18,10714,5595,16309
2021-12-19,7846,4447,12293
2021-12-20,13418,8031,21449
2021-12-21,14068,8908,22976
2021-12-22,14715,8934,23649
2021-12-23,14203,8823,23026
2021-12-24,14503,9100,23603
2021-12-25,8752,4247,12999
2021-12-26,6649,4018,10667
2021-12-27,12475,7843,20318
2021-12-28,13635,8554,22189
2021-12-29,14182,8969,23151
2021-12-30,13844,8718,22562
2021-12-31,13032,6917,19949
2022-01-01,6529,3001,9530
2022-01-02,7268,3066,10334
2022-01-03,12754,6822,19576
2022-01-04,13351,8290,21641
2022-01-05,13689,8903,22592
2022-01-06,13645,8605,22250
2022-01-07,14258,8819,23077
2022-01-08,10886,5441,16327
2022-01-09,7725,4250,11975
2022-01-10,13557,7785,21342
2022-01-11,13825,8467,22292
2022-01-12,13643,8719,22362
2022-01-13,13585,8577,22162
2022-01-14,14421,8766,23187
2022-01-15,10976,5328,16304
2022-01-16,8216,4611,12827
2022-01-17,13586,7846,21432
2022-01-18,13481,8295,21776
2022-01-19,14258,9091,23349
2022-01-20,13993,8556,22549
2022-01-21,14446,9299,23745
2022-01-22,11232,5764,16996
2022-01-23,8249,4453,12702
2022-01-24,13689,7788,21477
2022-01-25,14251,8415,22666
2022-01-26,14514,8758,23272
2022-01-27,14252,8541,22793
2022-01-28,14223,7890,22113
2022-01-29,9255,4281,13536
2022-01-30,6805,2890,9695
2022-01-31,5121,1787,6908
2022-02-01,4257,1783,6040
2022-02-02,6013,2691,8704
2022-02-03,12364,6710,19074
2022-02-04,13305,7729,21034
2022-02-05,9510,4101,13611
2022-02-06,7014,3776,10790
2022-02-07,13072,7811,20883
2022-02-08,13534,7875,21409
2022-02-09,13282,7767,21049
2022-02-10,13479,7724,21203
2022-02-11,13650,7668,21318
2022-02-12,10701,4963,15664
2022-02-13,7679,4387,12066
2022-02-14,13369,8142,21511
2022-02-15,13417,8146,21563
2022-02-16,12966,8298,21264
2022-02-17,12854,8136,20990
2022-02-18,13676,8288,21964
2022-02-19,10308,5170,15478
2022-02-20,7367,4220,11587
2022-02-21,12643,7589,20232
2022-02-22,13283,7998,21281
2022-02-23,13141,8342,21483
2022-02-24,13124,7996,21120
2022-02-25,13649,8247,21896
2022-02-26,10219,4835,15054
2022-02-27,7735,4626,12361
2022-02-28,13052,8013,21065
2022-03-01,8495,4796,13291
2022-03-02,13302,8011,21313
2022-03-03,13122,7759,20881
2022-03-04,13277,7642,20919
2022-03-05,9787,3940,13727
2022-03-06,7336,3578,10914
2022-03-07,12848,7897,20745
2022-03-08,13634,8037,21671
2022-03-09,8742,4944,13686
2022-03-10,12687,7614,20301
2022-03-11,13346,7366,20712
2022-03-12,9896,4128,14024
2022-03-13,6145,3130,9275
2022-03-14,12113,7637,19750
2022-03-15,12729,7788,20517
2022-03-16,12690,7796,20486
2022-03-17,12540,7688,20228
2022-03-18,13075,7346,20421
2022-03-19,8955,4146,13101
2022-03-20,7333,3877,11210
2022-03-21,12532,7659,20191
2022-03-22,12855,7830,20685
2022-03-23,12845,7828,20673
2022-03-24,12947,7901,20848
2022-03-25,13541,7584,21125
2022-03-26,9426,3988,13414
2022-03-27,7991,3950,11941
2022-03-28,12943,7820,20763
2022-03-29,13237,8033,21270
2022-03-30,13293,8078,21371
2022-03-31,13402,8085,21487
2022-04-01,14238,8536,22774
2022-04-02,11573,5564,17137
2022-04-03,8461,5126,13587
2022-04-04,13315,7857,21172
2022-04-05,13892,8664,22556
2022-04-06,14209,8631,22840
2022-04-07,14152,8791,22943
2022-04-08,14622,8510,23132
2022-04-09,11819,5604,17423
2022-04-10,9281,5095,14376
2022-04-11,13763,7932,21695
2022-04-12,14387,8869,23256
2022-04-13,14444,9359,23803
2022-04-14,14316,8923,23239
2022-04-15,15179,8331,23510
2022-04-16,11978,5612,17590
2022-04-17,9161,4896,14057
2022-04-18,13864,8121,21985
2022-04-19,14249,8913,23162
2022-04-20,15092,9514,24606
2022-04-21,15919,9073,24992
2022-04-22,14763,8257,23020
2022-04-23,11980,5728,17708
2022-04-24,8965,5276,14241
2022-04-25,14823,8527,23350
2022-04-26,15700,9482,25182
2022-04-27,16150,10006,26156
2022-04-28,15264,9043,24307
2022-04-29,15682,8613,24295
2022-04-30,12882,6177,19059
2022-05-01,9826,5344,15170
2022-05-02,14767,8376,23143
2022-05-03,15436,9239,24675
2022-05-04,16079,9555,25634
2022-05-05,11260,6461,17721
2022-05-06,14998,7905,22903
2022-05-07,11820,5765,17585
2022-05-08,8860,5061,13921
2022-05-09,14653,8515,23168
2022-05-10,15184,9229,24413
2022-05-11,15554,9762,25316
2022-05-12,15284,9435,24719
2022-05-13,15883,8700,24583
2022-05-14,13112,6583,19695
2022-05-15,9907,5787,15694
2022-05-16,14775,8438,23213
2022-05-17,15313,9488,24801
2022-05-18,15294,9776,25070
2022-05-19,15323,9332,24655
2022-05-20,15854,8268,24122
2022-05-21,13146,6429,19575
2022-05-22,10029,5855,15884
2022-05-23,14335,8416,22751
2022-05-24,14927,9343,24270
2022-05-25,15964,9912,25876
2022-05-26,15767,9470,25237
2022-05-27,16339,8811,25150
2022-05-28,13068,6371,19439
2022-05-29,9202,5171,14373
2022-05-30,14560,8480,23040
2022-05-31,16024,9649,25673
2022-06-01,11235,6588,17823
2022-06-02,14951,9193,24144
2022-06-03,15563,8475,24038
2022-06-04,12163,5990,18153
2022-06-05,9660,5415,15075
2022-06-06,9114,5018,14132
2022-06-07,14940,9279,24219
2022-06-08,15250,9820,25070
2022-06-09,14779,9519,24298
2022-06-10,15798,8738,24536
2022-06-11,12356,6106,18462
2022-06-12,9328,5204,14532
2022-06-13,14293,8463,22756
2022-06-14,15280,9393,24673
2022-06-15,15278,10013,25291
2022-06-16,15327,9559,24886
2022-06-17,16102,8631,24733
2022-06-18,12720,5861,18581
2022-06-19,9331,5753,15084
2022-06-20,14773,8948,23721
2022-06-21,15159,8949,24108
2022-06-22,15471,9037,24508
2022-06-23,14630,9057,23687
2022-06-24,15906,8214,24120
2022-06-25,12325,5243,17568
2022-06-26,8510,4303,12813
2022-06-27,14363,8767,23130
2022-06-28,14679,8564,23243
2022-06-29,14798,8694,23492
2022-06-30,14193,9058,23251
2022-07-01,15836,8641,24477
2022-07-02,12164,4896,17060
2022-07-03,8649,4448,13097
2022-07-04,14737,8782,23519
2022-07-05,14948,8758,23706
2022-07-06,15194,9098,24292
2022-07-07,14761,8764,23525
2022-07-08,15368,8058,23426
2022-07-09,11622,4620,16242
2022-07-10,8365,4157,12522
2022-07-11,14273,8728,23001
2022-07-12,15158,8970,24128
2022-07-13,14007,8966,22973
2022-07-14,15207,9158,24365
2022-07-15,15585,8257,23842
2022-07-16,11508,4910,16418
2022-07-17,8829,4269,13098
2022-07-18,14580,8560,23140
2022-07-19,14769,8824,23593
2022-07-20,15171,9360,24531
2022-07-21,14839,8964,23803
2022-07-22,15322,8392,23714
2022-07-23,11775,5994,17769
2022-07-24,8813,5524,14337
2022-07-25,14176,8237,22413
2022-07-26,14486,9002,23488
2022-07-27,14798,8871,23669
2022-07-28,14380,8937,23317
2022-07-29,14711,8153,22864
2022-07-30,10261,5625,15886
2022-07-31,7916,5156,13072
2022-08-01,12975,7489,20464
2022-08-02,13595,8235,21830
2022-08-03,13794,8762,22556
2022-08-04,14263,8443,22706
2022-08-05,14492,6945,21437
2022-08-06,10530,5573,16103
2022-08-07,7997,3724,11721
2022-08-08,12547,5580,18127
2022-08-09,12230,6052,18282
2022-08-10,13889,6354,20243
2022-08-11,13613,6529,20142
2022-08-12,14803,6866,21669
2022-08-13,10483,4980,15463
2022-08-14,8558,4294,12852
2022-08-15,8640,5440,14080
2022-08-16,14084,8261,22345
2022-08-17,14497,9234,23731
2022-08-18,14682,9322,24004
2022-08-19,15049,8559,23608
2022-08-20,11469,5749,17218
2022-08-21,8867,5147,14014
2022-08-22,13988,8570,22558
2022-08-23,14615,9225,23840
2022-08-24,15078,9699,24777
2022-08-25,14666,9394,24060
2022-08-26,15663,8576,24239
2022-08-27,12260,5831,18091
2022-08-28,9173,5510,14683
2022-08-29,14588,8700,23288
2022-08-30,14679,9554,24233
2022-08-31,15431,9608,25039
2022-09-01,15212,9613,24825
2022-09-02,15955,8919,24874
2022-09-03,12652,6320,18972
2022-09-04,8175,5332,13507
2022-09-05,13614,9003,22617
2022-09-06,14792,9031,23823
2022-09-07,16469,10394,26863
2022-09-08,15767,8197,23964
2022-09-09,7086,2466,9552
2022-09-10,5517,1850,7367
2022-09-11,8130,4081,12211
2022-09-12,8179,4526,12705
2022-09-13,14181,8675,22856
2022-09-14,15428,9941,25369
2022-09-15,15060,9733,24793
2022-09-16,16423,9090,25513
2022-09-17,13145,6588,19733
2022-09-18,9701,5913,15614
2022-09-19,15240,9146,24386
2022-09-20,15552,9688,25240
2022-09-21,15845,10231,26076
2022-09-22,15497,9679,25176
2022-09-23,16409,9025,25434
2022-09-24,13404,6388,19792
2022-09-25,9915,5673,15588
2022-09-26,14933,9083,24016
2022-09-27,15534,9941,25475
2022-09-28,15800,9919,25719
2022-09-29,15446,9798,25244
2022-09-30,16283,8953,25236
2022-10-01,12916,6198,19114
2022-10-02,9981,5877,15858
2022-10-03,8539,5761,14300
2022-10-04,15207,8859,24066
2022-10-05,15948,10279,26227
2022-10-06,15797,9917,25714
2022-10-07,16686,9131,25817
2022-10-08,13398,6753,20151
2022-10-09,9457,5782,15239
2022-10-10,9807,6021,15828
2022-10-11,15259,9207,24466
2022-10-12,16078,10297,26375
2022-10-13,15923,9841,25764
2022-10-14,16273,9165,25438
2022-10-15,13486,6378,19864
2022-10-16,9639,5931,15570
2022-10-17,14995,8929,23924
2022-10-18,15755,9710,25465
2022-10-19,16743,10234,26977
2022-10-20,15827,9677,25504
2022-10-21,16515,9033,25548
2022-10-22,13940,6680,20620
2022-10-23,9899,5893,15792
2022-10-24,14952,8948,23900
2022-10-25,15547,9181,24728
2022-10-26,15654,9241,24895
2022-10-27,15706,9437,25143
2022-10-28,16691,8614,25305
2022-10-29,13536,6349,19885
2022-10-30,9171,4489,13660
2022-10-31,14871,8814,23685
2022-11-01,15278,9031,24309
2022-11-02,15629,9253,24882
2022-11-03,15217,9199,24416
2022-11-04,16150,8420,24570
2022-11-05,13182,5551,18733
2022-11-06,9622,4973,14595
2022-11-07,14818,8929,23747
2022-11-08,15413,8982,24395
2022-11-09,15639,9081,24720
2022-11-10,15639,9357,24996
2022-11-11,16177,8407,24584
2022-11-12,12410,5862,18272
2022-11-13,9052,4525,13577
2022-11-14,14732,8617,23349
2022-11-15,15223,8744,23967
2022-11-16,15521,9109,24630
2022-11-17,15531,9613,25144
2022-11-18,16329,8757,25086
2022-11-19,13819,6910,20729
2022-11-20,9717,5614,15331
2022-11-21,14814,8722,23536
2022-11-22,15459,9580,25039
2022-11-23,15681,9572,25253
2022-11-24,15731,9551,25282
2022-11-25,16466,9503,25969
2022-11-26,13230,6751,19981
2022-11-27,9314,5075,14389
2022-11-28,14494,8879,23373
2022-11-29,15243,9388,24631
2022-11-30,14673,9199,23872
2022-12-01,14716,9206,23922
2022-12-02,15754,8992,24746
2022-12-03,12228,6264,18492
2022-12-04,9158,5429,14587
2022-12-05,14464,8997,23461
2022-12-06,15021,9466,24487
2022-12-07,15790,10162,25952
2022-12-08,15849,9587,25436
2022-12-09,16534,8909,25443
2022-12-10,13474,6374,19848
2022-12-11,9967,5077,15044
2022-12-12,14931,9007,23938
2022-12-13,15801,9878,25679
2022-12-14,15138,9909,25047
2022-12-15,15829,9939,25768
2022-12-16,16381,9219,25600
2022-12-17,13738,6899,20637
2022-12-18,9052,5112,14164
2022-12-19,14463,9026,23489
2022-12-20,15772,9610,25382
2022-12-21,16910,10699,27609
2022-12-22,16549,9835,26384
2022-12-23,15974,8817,24791
2022-12-24,11898,5592,17490
2022-12-25,9137,4805,13942
2022-12-26,14879,8962,23841
2022-12-27,15723,9637,25360
2022-12-28,15999,10122,26121
2022-12-29,15655,9295,24950
2022-12-30,15839,8776,24615
2022-12-31,11019,5108,16127
2023-01-01,7504,3124,10628
2023-01-02,13639,7565,21204
2023-01-03,14643,9095,23738
2023-01-04,14939,8978,23917
2023-01-05,15001,9209,24210
2023-01-06,16093,8456,24549
2023-01-07,12143,5709,17852
2023-01-08,8894,5022,13916
2023-01-09,14526,8507,23033
2023-01-10,15321,9071,24392
2023-01-11,15590,8978,24568
2023-01-12,16000,9042,25042
2023-01-13,15775,8398,24173
2023-01-14,12251,6349,18600
2023-01-15,8899,5269,14168
2023-01-16,14893,8630,23523
2023-01-17,15257,9018,24275
2023-01-18,15850,8957,24807
2023-01-19,15606,8691,24297
2023-01-20,15066,7253,22319
2023-01-21,6642,2272,8914
2023-01-22,5387,1884,7271
2023-01-23,7217,3405,10622
2023-01-24,6215,3028,9243
2023-01-25,12789,7208,19997
2023-01-26,14809,9116,23925
2023-01-27,15939,8357,24296
2023-01-28,11807,5585,17392
2023-01-29,8997,4926,13923
2023-01-30,14797,8522,23319
2023-01-31,15338,8869,24207
2023-02-01,15530,9004,24534
2023-02-02,15503,9001,24504
2023-02-03,16431,8422,24853
2023-02-04,12815,5821,18636
2023-02-05,9569,4714,14283
2023-02-06,15039,8612,23651
2023-02-07,15682,9094,24776
2023-02-08,15898,9306,25204
2023-02-09,15726,8772,24498
2023-02-10,16302,8300,24602
2023-02-11,13339,6402,19741
2023-02-12,9481,5027,14508
2023-02-13,14901,8650,23551
2023-02-14,16014,9439,25453
2023-02-15,15815,9103,24918
2023-02-16,15843,9159,25002
2023-02-17,16681,8362,25043
2023-02-18,13143,6301,19444
2023-02-19,9765,5416,15181
2023-02-20,15181,8905,24086
2023-02-21,15707,9255,24962
2023-02-22,16049,9486,25535
2023-02-23,16330,9553,25883
2023-02-24,17156,8827,25983
2023-02-25,13587,6738,20325
2023-02-26,10323,5668,15991
2023-02-27,15428,8875,24303
2023-02-28,16790,9505,26295
2023-03-01,11210,6064,17274
2023-03-02,15852,9174,25026
2023-03-03,16985,8644,25629
2023-03-04,12955,5577,18532
2023-03-05,9737,4764,14501
2023-03-06,15681,9267,24948
2023-03-07,16216,9406,25622
2023-03-08,16077,9501,25578
2023-03-09,16084,9327,25411
2023-03-10,16860,8710,25570
2023-03-11,13514,6020,19534
2023-03-12,8408,4463,12871
2023-03-13,15481,9267,24748
2023-03-14,16129,9519,25648
2023-03-15,16395,9538,25933
2023-03-16,16338,9526,25864
2023-03-17,17344,9057,26401
2023-03-18,13754,6323,20077
2023-03-19,10541,5596,16137
2023-03-20,15802,9456,25258
2023-03-21,16242,9695,25937
2023-03-22,16447,9502,25949
2023-03-23,16376,9662,26038
2023-03-24,17361,9151,26512
2023-03-25,14758,6621,21379
2023-03-26,10694,5506,16200
2023-03-27,15793,9399,25192
2023-03-28,16470,9939,26409
2023-03-29,16760,9709,26469
2023-03-30,16740,9955,26695
2023-03-31,17669,9019,26688
2023-04-01,13866,6139,20005
2023-04-02,10331,5345,15676
2023-04-03,15837,9334,25171
2023-04-04,16401,9951,26352
2023-04-05,15637,9849,25486
2023-04-06,16501,10110,26611
2023-04-07,17763,9182,26945
2023-04-08,14399,6882,21281
2023-04-09,10465,5512,15977
2023-04-10,16001,9498,25499
2023-04-11,15906,9544,25450
2023-04-12,17219,9986,27205
2023-04-13,16827,10004,26831
2023-04-14,17760,9232,26992
2023-04-15,13198,6532,19730
2023-04-16,9981,5353,15334
2023-04-17,15783,9474,25257
2023-04-18,16007,9898,25905
2023-04-19,16769,9943,26712
2023-04-20,16939,9863,26802
2023-04-21,17487,9220,26707
2023-04-22,13952,6283,20235
2023-04-23,9732,5672,15404
2023-04-24,15617,9494,25111
2023-04-25,16456,10037,26493
2023-04-26,17188,10191,27379
2023-04-27,16986,10084,27070
2023-04-28,17677,9635,27312
2023-04-29,12973,6420,19393
2023-04-30,11431,6248,17679
2023-05-01,13225,8227,21452
2023-05-02,16536,9719,26255
2023-05-03,17106,9832,26938
2023-05-04,17631,10541,28172
2023-05-05,10311,5243,15554
2023-05-06,10958,5577,16535
2023-05-07,10015,5242,15257
2023-05-08,15930,9177,25107
2023-05-09,16697,9675,26372
2023-05-10,16733,9657,26390
2023-05-11,17065,9941,27006
2023-05-12,18028,9108,27136
2023-05-13,14476,6819,21295
2023-05-14,10530,5566,16096
2023-05-15,15702,9538,25240
2023-05-16,16798,9953,26751
2023-05-17,16857,9969,26826
2023-05-18,16811,9998,26809
2023-05-19,17852,9314,27166
2023-05-20,15130,7213,22343
2023-05-21,10671,5988,16659
2023-05-22,15844,9307,25151
2023-05-23,17313,9997,27310
2023-05-24,16730,9873,26603
2023-05-25,16680,10210,26890
2023-05-26,17565,9354,26919
2023-05-27,11896,5980,17876
2023-05-28,9402,5692,15094
2023-05-29,10885,6037,16922
2023-05-30,16091,9803,25894
2023-05-31,16324,9739,26063
2023-06-01,16325,9755,26080
2023-06-02,17118,9270,26388
2023-06-03,13564,6497,20061
2023-06-04,10114,5595,15709
2023-06-05,15536,8876,24412
2023-06-06,11069,6114,17183
2023-06-07,16253,9677,25930
2023-06-08,16366,9975,26341
2023-06-09,17295,9144,26439
2023-06-10,13641,6530,20171
2023-06-11,9917,5589,15506
2023-06-12,15662,9568,25230
2023-06-13,16311,10228,26539
2023-06-14,16644,9988,26632
2023-06-15,16550,9992,26542
2023-06-16,17367,9651,27018
2023-06-17,14502,6907,21409
2023-06-18,10107,5612,15719
2023-06-19,15365,9356,24721
2023-06-20,16177,9918,26095
2023-06-21,16146,10094,26240
2023-06-22,16944,10267,27211
2023-06-23,17702,9519,27221
2023-06-24,14078,6705,20783
2023-06-25,9822,5612,15434
2023-06-26,15116,9376,24492
2023-06-27,16095,9516,25611
2023-06-28,16660,9822,26482
2023-06-29,15109,9551,24660
2023-06-30,17406,9192,26598
