사용일자,3호선,6호선,합계
2019-01-01,5815,1538,7353
2019-01-02,14428,4119,18547
2019-01-03,15135,4309,19444
2019-01-04,15775,4618,20393
2019-01-05,10472,2896,13368
2019-01-06,7919,1879,9798
2019-01-07,15152,4503,19655
2019-01-08,15385,4757,20142
2019-01-09,15276,4510,19786
2019-01-10,15455,4596,20051
2019-01-11,16046,4685,20731
2019-01-12,10693,3060,13753
2019-01-13,7986,1913,9899
2019-01-14,15056,4254,19310
2019-01-15,15151,4302,19453
2019-01-16,15407,4440,19847
2019-01-17,15587,4630,20217
2019-01-18,16144,4639,20783
2019-01-19,10678,2944,13622
2019-01-20,8151,2050,10201
2019-01-21,15309,4402,19711
2019-01-22,15624,4489,20113
2019-01-23,15713,4409,20122
2019-01-24,15604,4417,20021
2019-01-25,16281,4510,20791
2019-01-26,11158,3015,14173
2019-01-27,8221,1972,10193
2019-01-28,15380,4384,19764
2019-01-29,15519,4545,20064
2019-01-30,15528,4377,19905
2019-01-31,15411,4223,19634
2019-02-01,14891,4396,19287
2019-02-02,8749,2464,11213
2019-02-03,5760,1520,7280
2019-02-04,4614,1280,5894
2019-02-05,5325,1292,6617
2019-02-06,6393,1502,7895
2019-02-07,14348,3967,18315
2019-02-08,15454,4222,19676
2019-02-09,10696,2913,13609
2019-02-10,7899,1955,9854
2019-02-11,15791,4394,20185
2019-02-12,16131,4494,20625
2019-02-13,16239,4516,20755
2019-02-14,16454,4523,20977
2019-02-15,16521,4731,21252
2019-02-16,11223,3077,14300
2019-02-17,8629,2127,10756
2019-02-18,15351,4524,19875
2019-02-19,15551,4349,19900
2019-02-20,15561,4343,19904
2019-02-21,15969,4512,20481
2019-02-22,16388,4681,21069
2019-02-23,12305,3545,15850
2019-02-24,8565,2165,10730
2019-02-25,15710,4632,20342
2019-02-26,16045,4610,20655
2019-02-27,15573,4501,20074
2019-02-28,16246,4637,20883
2019-03-01,9724,2450,12174
2019-03-02,10400,2825,13225
2019-03-03,8337,2053,10390
2019-03-04,16074,4536,20610
2019-03-05,16081,4691,20772
2019-03-06,16130,4306,20436
2019-03-07,16508,4599,21107
2019-03-08,17160,4962,22122
2019-03-09,11670,3175,14845
2019-03-10,8707,2213,10920
2019-03-11,16107,4537,20644
2019-03-12,16483,4576,21059
2019-03-13,16329,4466,20795
2019-03-14,16383,4573,20956
2019-03-15,17000,4579,21579
2019-03-16,11760,3176,14936
2019-03-17,9137,2364,11501
2019-03-18,16199,4501,20700
2019-03-19,16456,4629,21085
2019-03-20,16323,4347,20670
2019-03-21,16338,4550,20888
2019-03-22,17231,4766,21997
2019-03-23,11126,3165,14291
2019-03-24,8705,2258,10963
2019-03-25,16072,4394,20466
2019-03-26,16663,4634,21297
2019-03-27,16345,4466,20811
2019-03-28,16377,4550,20927
2019-03-29,17162,4715,21877
2019-03-30,11102,2960,14062
2019-03-31,8475,2081,10556
2019-04-01,16051,4502,20553
2019-04-02,16382,4573,20955
2019-04-03,16284,4546,20830
2019-04-04,16190,4501,20691
2019-04-05,16755,4673,21428
2019-04-06,11004,3025,14029
2019-04-07,9190,2302,11492
2019-04-08,15958,4442,20400
2019-04-09,16307,4568,20875
2019-04-10,15910,4390,20300
2019-04-11,16368,4580,20948
2019-04-12,16717,4700,21417
2019-04-13,11825,3307,15132
2019-04-14,7818,1964,9782
2019-04-15,16117,4688,20805
2019-04-16,16441,4712,21153
2019-04-17,16156,4576,20732
2019-04-18,16095,4583,20678
2019-04-19,17009,4781,21790
2019-04-20,11547,3138,14685
2019-04-21,8533,2104,10637
2019-04-22,15857,4524,20381
2019-04-23,16104,4686,20790
2019-04-24,16205,4406,20611
2019-04-25,16664,4617,21281
2019-04-26,16880,4621,21501
2019-04-27,11975,3353,15328
2019-04-28,8778,2163,10941
2019-04-29,16197,4509,20706
2019-04-30,16630,4819,21449
2019-05-01,12124,3336,15460
2019-05-02,16698,4699,21397
2019-05-03,16795,5089,21884
2019-05-04,11270,2979,14249
2019-05-05,8893,2211,11104
2019-05-06,9155,2493,11648
2019-05-07,16246,4500,20746
2019-05-08,16321,4576,20897
2019-05-09,16499,4639,21138
2019-05-10,16912,4753,21665
2019-05-11,11816,3342,15158
2019-05-12,9142,2252,11394
2019-05-13,16009,4526,20535
2019-05-14,16504,4656,21160
2019-05-15,16509,4537,21046
2019-05-16,16186,4583,20769
2019-05-17,16780,4802,21582
2019-05-18,12206,3145,15351
2019-05-19,8282,2066,10348
2019-05-20,15676,4516,20192
2019-05-21,16539,4649,21188
2019-05-22,16612,4602,21214
2019-05-23,16378,4512,20890
2019-05-24,16777,4773,21550
2019-05-25,11903,3208,15111
2019-05-26,8801,2153,10954
2019-05-27,15457,4371,19828
2019-05-28,16706,4690,21396
2019-05-29,15976,4441,20417
2019-05-30,16031,4453,20484
2019-05-31,16917,4632,21549
2019-06-01,11335,3058,14393
2019-06-02,8681,2213,10894
2019-06-03,15479,4358,19837
2019-06-04,15903,4437,20340
2019-06-05,16033,4577,20610
2019-06-06,8610,2286,10896
2019-06-07,14258,4191,18449
2019-06-08,10772,2837,13609
2019-06-09,8297,1923,10220
2019-06-10,15697,4447,20144
2019-06-11,16127,4578,20705
2019-06-12,16072,4510,20582
2019-06-13,16229,4508,20737
2019-06-14,16495,4515,21010
2019-06-15,11717,3262,14979
2019-06-16,8499,2019,10518
2019-06-17,15909,4464,20373
2019-06-18,16006,4411,20417
2019-06-19,16071,4373,20444
2019-06-20,16253,4398,20651
2019-06-21,16855,4533,21388
2019-06-22,11399,2897,14296
2019-06-23,8712,2041,10753
2019-06-24,15648,4352,20000
2019-06-25,16414,4450,20864
2019-06-26,15982,4463,20445
2019-06-27,15935,4383,20318
2019-06-28,16729,4602,21331
2019-06-29,10998,3156,14154
2019-06-30,8311,2103,10414
2019-07-01,15780,4344,20124
2019-07-02,16274,4379,20653
2019-07-03,15705,4332,20037
2019-07-04,16012,4417,20429
2019-07-05,16328,4514,20842
2019-07-06,10594,2934,13528
2019-07-07,8101,2030,10131
2019-07-08,15582,4236,19818
2019-07-09,16092,4569,20661
2019-07-10,15860,4351,20211
2019-07-11,15926,4403,20329
2019-07-12,16694,4728,21422
2019-07-13,11002,2995,13997
2019-07-14,8211,2030,10241
2019-07-15,15484,4274,19758
2019-07-16,16009,4546,20555
2019-07-17,15981,4399,20380
2019-07-18,15978,4418,20396
2019-07-19,16121,4506,20627
2019-07-20,10490,2919,13409
2019-07-21,7873,1946,9819
2019-07-22,15488,4410,19898
2019-07-23,15780,4372,20152
2019-07-24,15074,4303,19377
2019-07-25,14938,4185,19123
2019-07-26,14649,4181,18830
2019-07-27,10166,2919,13085
2019-07-28,7318,1775,9093
2019-07-29,14359,4053,18412
2019-07-30,14675,4148,18823
2019-07-31,13775,3920,17695
2019-08-01,14049,3974,18023
2019-08-02,14114,4143,18257
2019-08-03,9166,2552,11718
2019-08-04,7573,1827,9400
2019-08-05,13842,4019,17861
2019-08-06,14237,4060,18297
2019-08-07,14124,3989,18113
2019-08-08,14435,4068,18503
2019-08-09,14945,4152,19097
2019-08-10,9820,2725,12545
2019-08-11,8096,1898,9994
2019-08-12,14333,4005,18338
2019-08-13,15150,4410,19560
2019-08-14,15350,4243,19593
2019-08-15,8048,2065,10113
2019-08-16,14167,4091,18258
2019-08-17,9822,2825,12647
2019-08-18,8142,1995,10137
2019-08-19,15311,4356,19667
2019-08-20,15737,4501,20238
2019-08-21,15713,4341,20054
2019-08-22,15509,4371,19880
2019-08-23,16316,4645,20961
2019-08-24,10774,3039,13813
2019-08-25,8309,2094,10403
2019-08-26,15564,4339,19903
2019-08-27,15787,4533,20320
2019-08-28,15896,4361,20257
2019-08-29,15343,4214,19557
2019-08-30,16199,4451,20650
2019-08-31,11120,3047,14167
2019-09-01,8567,2187,10754
2019-09-02,15847,4486,20333
2019-09-03,16206,4512,20718
2019-09-04,15747,4275,20022
2019-09-05,15766,4335,20101
2019-09-06,16507,4586,21093
2019-09-07,8248,2297,10545
2019-09-08,8297,2109,10406
2019-09-09,15908,4390,20298
2019-09-10,16012,4488,20500
2019-09-11,15343,4203,19546
2019-09-12,5294,1508,6802
2019-09-13,5517,1345,6862
2019-09-14,6281,1473,7754
2019-09-15,7848,1905,9753
2019-09-16,15475,4376,19851
2019-09-17,15995,4674,20669
2019-09-18,16221,4577,20798
2019-09-19,16298,4471,20769
2019-09-20,16887,4746,21633
2019-09-21,11406,3236,14642
2019-09-22,7699,1917,9616
2019-09-23,15702,4702,20404
2019-09-24,16108,4624,20732
2019-09-25,15991,4598,20589
2019-09-26,15932,4597,20529
2019-09-27,16657,4933,21590
2019-09-28,11690,3383,15073
2019-09-29,8602,2107,10709
2019-09-30,15803,4488,20291
2019-10-01,15992,4671,20663
2019-10-02,16251,4576,20827
2019-10-03,9607,2489,12096
2019-10-04,15254,4354,19608
2019-10-05,11565,3181,14746
2019-10-06,8417,2184,10601
2019-10-07,15394,4305,19699
2019-10-08,16511,4690,21201
2019-10-09,9795,2462,12257
2019-10-10,15579,4431,20010
2019-10-11,16678,4688,21366
2019-10-12,11818,3377,15195
2019-10-13,8770,2323,11093
2019-10-14,15884,4468,20352
2019-10-15,16340,4638,20978
2019-10-16,16197,4513,20710
2019-10-17,16229,4520,20749
2019-10-18,16479,4656,21135
2019-10-19,11736,3314,15050
2019-10-20,8869,2301,11170
2019-10-21,15918,4402,20320
2019-10-22,16052,4497,20549
2019-10-23,16136,4593,20729
2019-10-24,15834,4545,20379
2019-10-25,17360,4775,22135
2019-10-26,12591,3641,16232
2019-10-27,9142,2373,11515
2019-10-28,16226,4573,20799
2019-10-29,16134,4611,20745
2019-10-30,16152,4763,20915
2019-10-31,16094,4754,20848
2019-11-01,16381,4750,21131
2019-11-02,11611,3191,14802
2019-11-03,8919,2194,11113
2019-11-04,15856,4493,20349
2019-11-05,16075,4610,20685
2019-11-06,16155,4714,20869
2019-11-07,16053,4542,20595
2019-11-08,16930,4746,21676
2019-11-09,11458,3157,14615
2019-11-10,8641,2002,10643
2019-11-11,15728,4486,20214
2019-11-12,16171,4596,20767
2019-11-13,15871,4494,20365
2019-11-14,15579,4478,20057
2019-11-15,16514,4559,21073
2019-11-16,11532,3227,14759
2019-11-17,7944,1877,9821
2019-11-18,15739,4588,20327
2019-11-19,15903,4472,20375
2019-11-20,16238,4682,20920
2019-11-21,15767,4518,20285
2019-11-22,16546,4764,21310
2019-11-23,11301,3225,14526
2019-11-24,8282,2021,10303
2019-11-25,15990,4662,20652
2019-11-26,16140,4581,20721
2019-11-27,16203,4657,20860
2019-11-28,16130,4719,20849
2019-11-29,16633,4794,21427
2019-11-30,11068,3144,14212
2019-12-01,7954,1960,9914
2019-12-02,15667,4562,20229
2019-12-03,15879,4589,20468
2019-12-04,16012,4515,20527
2019-12-05,15971,4558,20529
2019-12-06,15923,4684,20607
2019-12-07,10963,3085,14048
2019-12-08,8286,2063,10349
2019-12-09,15636,4559,20195
2019-12-10,16141,4646,20787
2019-12-11,15806,4766,20572
2019-12-12,16087,4551,20638
2019-12-13,16504,4856,21360
2019-12-14,12126,3450,15576
2019-12-15,8608,2201,10809
2019-12-16,15783,4585,20368
2019-12-17,15707,4621,20328
2019-12-18,16399,4835,21234
2019-12-19,16569,4886,21455
2019-12-20,17508,5004,22512
2019-12-21,11750,3397,15147
2019-12-22,8851,2387,11238
2019-12-23,16021,4765,20786
2019-12-24,16463,4835,21298
2019-12-25,8657,2408,11065
2019-12-26,15736,4629,20365
2019-12-27,16316,4800,21116
2019-12-28,11250,3121,14371
2019-12-29,8284,1995,10279
2019-12-30,15178,4537,19715
2019-12-31,13973,4208,18181
2020-01-01,5812,1595,7407
2020-01-02,14270,4152,18422
2020-01-03,14912,4278,19190
2020-01-04,10291,2950,13241
2020-01-05,7899,1909,9808
2020-01-06,15045,4435,19480
2020-01-07,14670,4318,18988
2020-01-08,14999,4343,19342
2020-01-09,15479,4476,19955
2020-01-10,15615,4613,20228
2020-01-11,10660,3023,13683
2020-01-12,8217,2016,10233
2020-01-13,15087,4506,19593
2020-01-14,15363,4535,19898
2020-01-15,15034,4524,19558
2020-01-16,15093,4562,19655
2020-01-17,15907,4649,20556
2020-01-18,11029,3080,14109
2020-01-19,7827,2101,9928
2020-01-20,15240,4479,19719
2020-01-21,15488,4493,19981
2020-01-22,15120,4365,19485
2020-01-23,13652,4035,17687
2020-01-24,5048,1368,6416
2020-01-25,4907,1309,6216
2020-01-26,6579,1557,8136
2020-01-27,6619,1620,8239
2020-01-28,13511,3966,17477
2020-01-29,14196,4245,18441
2020-01-30,14587,4187,18774
2020-01-31,14466,4343,18809
2020-02-01,8926,2525,11451
2020-02-02,6657,1721,8378
2020-02-03,13760,3932,17692
2020-02-04,13938,3983,17921
2020-02-05,13586,3791,17377
2020-02-06,13441,3820,17261
2020-02-07,14267,3987,18254
2020-02-08,8423,2516,10939
2020-02-09,6487,1758,8245
2020-02-10,13658,3916,17574
2020-02-11,13968,4005,17973
2020-02-12,13444,3887,17331
2020-02-13,13855,4037,17892
2020-02-14,14616,4250,18866
2020-02-15,9411,2741,12152
2020-02-16,6715,1737,8452
2020-02-17,13684,4013,17697
2020-02-18,13877,4167,18044
2020-02-19,14002,4046,18048
2020-02-20,13649,3995,17644
2020-02-21,13644,3998,17642
2020-02-22,7701,2324,10025
2020-02-23,5344,1433,6777
2020-02-24,11631,3507,15138
2020-02-25,11067,3181,14248
2020-02-26,10904,3136,14040
2020-02-27,10481,3202,13683
2020-02-28,10310,2971,13281
2020-02-29,5782,1802,7584
2020-03-01,3623,1078,4701
2020-03-02,10262,3061,13323
2020-03-03,10201,3025,13226
2020-03-04,9955,2943,12898
2020-03-05,10176,2943,13119
2020-03-06,10484,3086,13570
2020-03-07,5979,1933,7912
2020-03-08,4121,1161,5282
2020-03-09,10598,3070,13668
2020-03-10,10185,2893,13078
2020-03-11,10485,3028,13513
2020-03-12,10176,2954,13130
2020-03-13,10656,3062,13718
2020-03-14,6179,1838,8017
2020-03-15,3993,1143,5136
2020-03-16,10428,2953,13381
2020-03-17,10358,2920,13278
2020-03-18,10568,3049,13617
2020-03-19,9991,2937,12928
2020-03-20,10855,3212,14067
2020-03-21,6395,1796,8191
2020-03-22,4226,1197,5423
2020-03-23,10494,3049,13543
2020-03-24,10440,3019,13459
2020-03-25,10577,3012,13589
2020-03-26,10345,3072,13417
2020-03-27,10941,3133,14074
2020-03-28,6485,1934,8419
2020-03-29,4320,1214,5534
2020-03-30,10625,3103,13728
2020-03-31,10774,3086,13860
2020-04-01,10856,3120,13976
2020-04-02,10772,3117,13889
2020-04-03,11140,3115,14255
2020-04-04,6559,1916,8475
2020-04-05,4396,1197,5593
2020-04-06,11109,3084,14193
2020-04-07,11066,3133,14199
2020-04-08,11081,3187,14268
2020-04-09,11198,3213,14411
2020-04-10,11549,3257,14806
2020-04-11,6865,1980,8845
2020-04-12,4539,1279,5818
2020-04-13,11047,3238,14285
2020-04-14,11638,3231,14869
2020-04-15,6209,1736,7945
2020-04-16,11238,3221,14459
2020-04-17,11243,3247,14490
2020-04-18,7275,2217,9492
2020-04-19,4553,1250,5803
2020-04-20,11482,3349,14831
2020-04-21,11760,3361,15121
2020-04-22,11509,3260,14769
2020-04-23,11704,3409,15113
2020-04-24,12080,3527,15607
2020-04-25,7540,2290,9830
2020-04-26,5190,1435,6625
2020-04-27,12023,3469,15492
2020-04-28,12178,3512,15690
2020-04-29,12554,3594,16148
2020-04-30,6626,1824,8450
2020-05-01,7799,2256,10055
2020-05-02,7062,2075,9137
2020-05-03,5428,1431,6859
2020-05-04,10847,3221,14068
2020-05-05,6014,1624,7638
2020-05-06,12551,3562,16113
2020-05-07,12678,3603,16281
2020-05-08,13288,3702,16990
2020-05-09,7149,1985,9134
2020-05-10,5707,1408,7115
2020-05-11,12563,3477,16040
2020-05-12,12345,3463,15808
2020-05-13,12501,3536,16037
2020-05-14,12233,3487,15720
2020-05-15,12224,3545,15769
2020-05-16,7934,2222,10156
2020-05-17,5686,1451,7137
2020-05-18,11990,3481,15471
2020-05-19,12005,3526,15531
2020-05-20,12753,3543,16296
2020-05-21,12812,3676,16488
2020-05-22,12954,3778,16732
2020-05-23,8281,2454,10735
2020-05-24,5617,1484,7101
2020-05-25,12862,3632,16494
2020-05-26,12802,3688,16490
2020-05-27,13129,3630,16759
2020-05-28,12899,3639,16538
2020-05-29,12988,3629,16617
2020-05-30,7947,2384,10331
2020-05-31,5778,1491,7269
2020-06-01,12642,3566,16208
2020-06-02,12294,3517,15811
2020-06-03,12650,3588,16238
2020-06-04,12698,3512,16210
2020-06-05,12872,3709,16581
2020-06-06,6984,2023,9007
2020-06-07,5625,1432,7057
2020-06-08,12606,3545,16151
2020-06-09,12636,3577,16213
2020-06-10,12950,3483,16433
2020-06-11,12708,3496,16204
2020-06-12,13132,3682,16814
2020-06-13,8162,2311,10473
2020-06-14,5765,1477,7242
2020-06-15,12743,3466,16209
2020-06-16,12799,3530,16329
2020-06-17,12986,3484,16470
2020-06-18,13052,3581,16633
2020-06-19,13275,3695,16970
2020-06-20,8308,2378,10686
2020-06-21,5957,1513,7470
2020-06-22,12453,3435,15888
2020-06-23,12754,3591,16345
2020-06-24,12490,3362,15852
2020-06-25,12690,3488,16178
2020-06-26,13437,3798,17235
2020-06-27,8567,2443,11010
2020-06-28,6044,1551,7595
2020-06-29,12942,3464,16406
2020-06-30,12557,3482,16039
2020-07-01,13101,3578,16679
2020-07-02,13083,3610,16693
2020-07-03,13376,3742,17118
2020-07-04,8315,2420,10735
2020-07-05,6008,1503,7511
2020-07-06,12997,3664,16661
2020-07-07,13091,3635,16726
2020-07-08,13311,3701,17012
2020-07-09,13142,3637,16779
2020-07-10,13202,3647,16849
2020-07-11,8290,2289,10579
2020-07-12,6036,1561,7597
2020-07-13,12548,3390,15938
2020-07-14,13059,3664,16723
2020-07-15,13590,3654,17244
2020-07-16,13324,3724,17048
2020-07-17,13439,3774,17213
2020-07-18,8369,2331,10700
2020-07-19,5255,1223,6478
2020-07-20,12622,3592,16214
2020-07-21,13382,3647,17029
2020-07-22,13097,3644,16741
2020-07-23,13055,3535,16590
2020-07-24,13319,3754,17073
2020-07-25,8141,2338,10479
2020-07-26,6320,1510,7830
2020-07-27,12737,3466,16203
2020-07-28,13080,3622,16702
2020-07-29,12701,3467,16168
2020-07-30,12940,3564,16504
2020-07-31,13365,3749,17114
2020-08-01,7145,2001,9146
2020-08-02,5149,1241,6390
2020-08-03,11552,3222,14774
2020-08-04,12250,3347,15597
2020-08-05,12181,3381,15562
2020-08-06,12701,3561,16262
2020-08-07,13366,3810,17176
2020-08-08,8116,2264,10380
2020-08-09,5196,1295,6491
2020-08-10,12262,3363,15625
2020-08-11,12499,3512,16011
2020-08-12,12798,3532,16330
2020-08-13,12835,3433,16268
2020-08-14,12604,3411,16015
2020-08-15,6330,1699,8029
2020-08-16,5497,1494,6991
2020-08-17,7567,2126,9693
2020-08-18,11867,3328,15195
2020-08-19,11437,3181,14618
2020-08-20,11210,3121,14331
2020-08-21,11015,3149,14164
2020-08-22,5809,1637,7446
2020-08-23,4089,1056,5145
2020-08-24,10844,2946,13790
2020-08-25,11021,3014,14035
2020-08-26,10582,2881,13463
2020-08-27,9783,2680,12463
2020-08-28,10558,2922,13480
2020-08-29,5599,1636,7235
2020-08-30,3556,872,4428
2020-08-31,9763,2667,12430
2020-09-01,9777,2650,12427
2020-09-02,9361,2562,11923
2020-09-03,9273,2618,11891
2020-09-04,10396,2856,13252
2020-09-05,5758,1600,7358
2020-09-06,3723,1006,4729
2020-09-07,9529,2557,12086
2020-09-08,10398,2772,13170
2020-09-09,10004,2787,12791
2020-09-10,10431,2912,13343
2020-09-11,10541,2983,13524
2020-09-12,6079,1730,7809
2020-09-13,4323,1124,5447
2020-09-14,10958,3106,14064
2020-09-15,11283,3104,14387
2020-09-16,11328,3103,14431
2020-09-17,11565,3233,14798
2020-09-18,12011,3327,15338
2020-09-19,7372,2113,9485
2020-09-20,4978,1241,6219
2020-09-21,12133,3347,15480
2020-09-22,12138,3440,15578
2020-09-23,12526,3424,15950
2020-09-24,12461,3563,16024
2020-09-25,13000,3556,16556
2020-09-26,7767,2227,9994
2020-09-27,5123,1370,6493
2020-09-28,12804,3559,16363
2020-09-29,11837,3500,15337
2020-09-30,4342,1248,5590
2020-10-01,3322,823,4145
2020-10-02,4301,1077,5378
2020-10-03,5275,1432,6707
2020-10-04,4799,1223,6022
2020-10-05,12349,3414,15763
2020-10-06,12393,3488,15881
2020-10-07,12581,3498,16079
2020-10-08,13334,3729,17063
2020-10-09,7072,1879,8951
2020-10-10,7645,2131,9776
2020-10-11,5284,1387,6671
2020-10-12,12745,3588,16333
2020-10-13,12943,3615,16558
2020-10-14,12989,3617,16606
2020-10-15,12732,3543,16275
2020-10-16,13179,3624,16803
2020-10-17,8393,2532,10925
2020-10-18,5952,1508,7460
2020-10-19,12748,3487,16235
2020-10-20,13106,3711,16817
2020-10-21,13255,3621,16876
2020-10-22,12982,3659,16641
2020-10-23,13497,3857,17354
2020-10-24,8682,2373,11055
2020-10-25,6192,1571,7763
2020-10-26,12970,3744,16714
2020-10-27,13334,3762,17096
2020-10-28,13245,3781,17026
2020-10-29,13426,3711,17137
2020-10-30,13845,3861,17706
2020-10-31,8908,2654,11562
2020-11-01,6034,1502,7536
2020-11-02,13198,3657,16855
2020-11-03,13252,3679,16931
2020-11-04,13253,3749,17002
2020-11-05,13320,3754,17074
2020-11-06,13701,3827,17528
2020-11-07,8797,2608,11405
2020-11-08,6594,1631,8225
2020-11-09,13118,3696,16814
2020-11-10,13594,3797,17391
2020-11-11,13542,3763,17305
2020-11-12,13532,3777,17309
2020-11-13,13582,3902,17484
2020-11-14,8761,2647,11408
2020-11-15,6434,1579,8013
2020-11-16,13145,3584,16729
2020-11-17,13196,3710,16906
2020-11-18,13021,3754,16775
2020-11-19,12438,3547,15985
2020-11-20,13375,3898,17273
2020-11-21,8135,2362,10497
2020-11-22,5596,1355,6951
2020-11-23,12494,3620,16114
2020-11-24,12037,3425,15462
2020-11-25,12164,3390,15554
2020-11-26,11656,3269,14925
2020-11-27,11763,3336,15099
2020-11-28,6736,1915,8651
2020-11-29,4634,1116,5750
2020-11-30,11234,3118,14352
2020-12-01,11211,3212,14423
2020-12-02,11363,3312,14675
2020-12-03,11258,3263,14521
2020-12-04,11301,3263,14564
2020-12-05,6535,1975,8510
2020-12-06,4515,1129,5644
2020-12-07,11113,3128,14241
2020-12-08,10691,3017,13708
2020-12-09,10535,3026,13561
2020-12-10,10699,3096,13795
2020-12-11,10868,3192,14060
2020-12-12,5963,1761,7724
2020-12-13,3517,1024,4541
2020-12-14,9928,2801,12729
2020-12-15,9723,2705,12428
2020-12-16,9713,2784,12497
2020-12-17,9844,2809,12653
2020-12-18,10333,2933,13266
2020-12-19,5611,1674,7285
2020-12-20,3604,931,4535
2020-12-21,10287,2975,13262
2020-12-22,10187,2854,13041
2020-12-23,10095,2866,12961
2020-12-24,10269,2969,13238
2020-12-25,4116,1142,5258
2020-12-26,5017,1470,6487
2020-12-27,3523,909,4432
2020-12-28,10002,2919,12921
2020-12-29,10027,2930,12957
2020-12-30,9418,2695,12113
2020-12-31,8854,2546,11400
2021-01-01,2955,763,3718
2021-01-02,4890,1415,6305
2021-01-03,3512,930,4442
2021-01-04,10114,2835,12949
2021-01-05,10084,2838,12922
2021-01-06,10860,2887,13747
2021-01-07,10353,2947,13300
2021-01-08,9724,2776,12500
2021-01-09,5720,1667,7387
2021-01-10,3689,1008,4697
2021-01-11,10283,2908,13191
2021-01-12,11250,3166,14416
2021-01-13,10767,3099,13866
2021-01-14,10737,3069,13806
2021-01-15,10777,3060,13837
2021-01-16,6551,1918,8469
2021-01-17,4027,1122,5149
2021-01-18,11029,3124,14153
2021-01-19,10728,3019,13747
2021-01-20,11386,3280,14666
2021-01-21,11156,3147,14303
2021-01-22,11495,3223,14718
2021-01-23,7176,2088,9264
2021-01-24,4812,1351,6163
2021-01-25,11399,3178,14577
2021-01-26,11282,3220,14502
2021-01-27,11610,3258,14868
2021-01-28,11168,3173,14341
2021-01-29,11232,3167,14399
2021-01-30,7133,2102,9235
2021-01-31,4928,1314,6242
2021-02-01,11531,3298,14829
2021-02-02,11558,3187,14745
2021-02-03,12049,3325,15374
2021-02-04,11787,3385,15172
2021-02-05,12383,3473,15856
2021-02-06,7632,2221,9853
2021-02-07,5143,1373,6516
2021-02-08,11791,3358,15149
2021-02-09,11918,3370,15288
2021-02-10,11292,3398,14690
2021-02-11,4130,1212,5342
2021-02-12,3139,833,3972
2021-02-13,4865,1370,6235
2021-02-14,5051,1313,6364
2021-02-15,11384,3282,14666
2021-02-16,11586,3362,14948
2021-02-17,11589,3245,14834
2021-02-18,11632,3313,14945
2021-02-19,12264,3545,15809
2021-02-20,7975,2277,10252
2021-02-21,5613,1454,7067
2021-02-22,11933,3440,15373
2021-02-23,12096,3406,15502
2021-02-24,11904,3416,15320
2021-02-25,12038,3453,15491
2021-02-26,12791,3689,16480
2021-02-27,8126,2228,10354
2021-02-28,5944,1568,7512
2021-03-01,4896,1324,6220
2021-03-02,12227,3553,15780
2021-03-03,12427,3570,15997
2021-03-04,12573,3586,16159
2021-03-05,12835,3677,16512
2021-03-06,8228,2427,10655
2021-03-07,5785,1528,7313
2021-03-08,12343,3494,15837
2021-03-09,12475,3554,16029
2021-03-10,12824,3538,16362
2021-03-11,12543,3537,16080
2021-03-12,12933,3619,16552
2021-03-13,8226,2356,10582
2021-03-14,5921,1599,7520
2021-03-15,12294,3481,15775
2021-03-16,12387,3563,15950
2021-03-17,12583,3519,16102
2021-03-18,12657,3532,16189
2021-03-19,13033,3713,16746
2021-03-20,7549,2256,9805
2021-03-21,5871,1537,7408
2021-03-22,12364,3592,15956
2021-03-23,12505,3568,16073
2021-03-24,12842,3538,16380
2021-03-25,12645,3619,16264
2021-03-26,13103,3781,16884
2021-03-27,7844,2147,9991
2021-03-28,5580,1432,7012
2021-03-29,12248,3446,15694
2021-03-30,12814,3481,16295
2021-03-31,12705,3551,16256
2021-04-01,12698,3481,16179
2021-04-02,13287,3743,17030
2021-04-03,7234,2020,9254
2021-04-04,6026,1507,7533
2021-04-05,12467,3599,16066
2021-04-06,12630,3601,16231
2021-04-07,12627,3530,16157
2021-04-08,12714,3552,16266
2021-04-09,12952,3687,16639
2021-04-10,8322,2323,10645
2021-04-11,5887,1549,7436
2021-04-12,12138,3472,15610
2021-04-13,12445,3586,16031
2021-04-14,12642,3553,16195
2021-04-15,12643,3588,16231
2021-04-16,12480,3609,16089
2021-04-17,7890,2317,10207
2021-04-18,6034,1539,7573
2021-04-19,12275,3610,15885
2021-04-20,12422,3630,16052
2021-04-21,12544,3585,16129
2021-04-22,12599,3529,16128
2021-04-23,12764,3719,16483
2021-04-24,8011,2339,10350
2021-04-25,6073,1519,7592
2021-04-26,12471,3565,16036
2021-04-27,12646,3631,16277
2021-04-28,12745,3581,16326
2021-04-29,12791,3587,16378
2021-04-30,13082,3743,16825
2021-05-01,7443,2135,9578
2021-05-02,6217,1633,7850
2021-05-03,12473,3608,16081
2021-05-04,12368,3519,15887
2021-05-05,6779,1994,8773
2021-05-06,12685,3711,16396
2021-05-07,12793,3657,16450
2021-05-08,7443,2091,9534
2021-05-09,6128,1629,7757
2021-05-10,12406,3613,16019
2021-05-11,12820,3698,16518
2021-05-12,12848,3709,16557
2021-05-13,12632,3626,16258
2021-05-14,13296,3850,17146
2021-05-15,7932,2323,10255
2021-05-16,5075,1355,6430
2021-05-17,12280,3603,15883
2021-05-18,13320,3886,17206
2021-05-19,7303,2036,9339
2021-05-20,12757,3532,16289
2021-05-21,13023,3646,16669
2021-05-22,8500,2370,10870
2021-05-23,5891,1539,7430
2021-05-24,12769,3613,16382
2021-05-25,12677,3658,16335
2021-05-26,12878,3723,16601
2021-05-27,12447,3534,15981
2021-05-28,12625,3714,16339
2021-05-29,8164,2241,10405
2021-05-30,6120,1512,7632
2021-05-31,12202,3555,15757
2021-06-01,12375,3567,15942
2021-06-02,12642,3527,16169
2021-06-03,12158,3499,15657
2021-06-04,12977,3877,16854
2021-06-05,8284,2486,10770
2021-06-06,6054,1486,7540
2021-06-07,12184,3574,15758
2021-06-08,12746,3562,16308
2021-06-09,12512,3557,16069
2021-06-10,12834,3630,16464
2021-06-11,12574,3620,16194
2021-06-12,8284,2218,10502
2021-06-13,5947,1583,7530
2021-06-14,12472,3506,15978
2021-06-15,12395,3510,15905
2021-06-16,12780,3566,16346
2021-06-17,12648,3581,16229
2021-06-18,12763,3577,16340
2021-06-19,8372,2431,10803
2021-06-20,6030,1588,7618
2021-06-21,12848,3689,16537
2021-06-22,12894,3597,16491
2021-06-23,12927,3636,16563
2021-06-24,13049,3727,16776
2021-06-25,13449,3870,17319
2021-06-26,8172,2392,10564
2021-06-27,6327,1665,7992
2021-06-28,12739,3740,16479
2021-06-29,13131,3803,16934
2021-06-30,13098,3759,16857
2021-07-01,13175,3715,16890
2021-07-02,13388,3844,17232
2021-07-03,8035,2258,10293
2021-07-04,5392,1452,6844
2021-07-05,13015,3669,16684
2021-07-06,13025,3714,16739
2021-07-07,12757,3613,16370
2021-07-08,12312,3472,15784
2021-07-09,12411,3592,16003
2021-07-10,7233,2053,9286
2021-07-11,4760,1372,6132
2021-07-12,11075,3195,14270
2021-07-13,10964,3195,14159
2021-07-14,10796,3090,13886
2021-07-15,10579,3128,13707
2021-07-16,10786,3217,14003
2021-07-17,6501,1862,8363
2021-07-18,4458,1218,5676
2021-07-19,10700,3099,13799
2021-07-20,10910,3135,14045
2021-07-21,10884,3059,13943
2021-07-22,10557,3022,13579
2021-07-23,10835,3128,13963
2021-07-24,6437,1750,8187
2021-07-25,4229,1139,5368
2021-07-26,10686,3052,13738
2021-07-27,10543,3105,13648
2021-07-28,10728,3030,13758
2021-07-29,10459,3061,13520
2021-07-30,10801,3091,13892
2021-07-31,6288,1826,8114
2021-08-01,4207,1231,5438
2021-08-02,10137,3073,13210
2021-08-03,10210,2970,13180
2021-08-04,10402,2964,13366
2021-08-05,10577,3138,13715
2021-08-06,10650,3135,13785
2021-08-07,6732,1808,8540
2021-08-08,4465,1206,5671
2021-08-09,10812,3117,13929
2021-08-10,11099,3120,14219
2021-08-11,10870,3128,13998
2021-08-12,10742,2986,13728
2021-08-13,10915,3160,14075
2021-08-14,6697,1896,8593
2021-08-15,4720,1315,6035
2021-08-16,6953,1882,8835
2021-08-17,11532,3143,14675
2021-08-18,10970,3171,14141
2021-08-19,11314,3256,14570
2021-08-20,11859,3327,15186
2021-08-21,6244,1804,8048
2021-08-22,5023,1398,6421
2021-08-23,11333,3207,14540
2021-08-24,11278,3208,14486
2021-08-25,11736,3349,15085
2021-08-26,11668,3422,15090
2021-08-27,11662,3223,14885
2021-08-28,7499,2089,9588
2021-08-29,5118,1332,6450
2021-08-30,11811,3263,15074
2021-08-31,11580,3095,14675
2021-09-01,11750,3182,14932
2021-09-02,11953,3315,15268
2021-09-03,12186,3511,15697
2021-09-04,7716,2179,9895
2021-09-05,5521,1424,6945
2021-09-06,12091,3346,15437
2021-09-07,11454,3146,14600
2021-09-08,12424,3457,15881
2021-09-09,12249,3386,15635
2021-09-10,12473,3540,16013
2021-09-11,8028,2193,10221
2021-09-12,5666,1443,7109
2021-09-13,12421,3491,15912
2021-09-14,12497,3443,15940
2021-09-15,13060,3449,16509
2021-09-16,12895,3541,16436
2021-09-17,12977,3623,16600
2021-09-18,7222,2025,9247
2021-09-19,4977,1296,6273
2021-09-20,4185,1031,5216
2021-09-21,3554,878,4432
2021-09-22,5055,1164,6219
2021-09-23,11769,3097,14866
2021-09-24,12349,3493,15842
2021-09-25,7687,2163,9850
2021-09-26,5501,1475,6976
2021-09-27,12208,3515,15723
2021-09-28,12232,3502,15734
2021-09-29,11911,3268,15179
2021-09-30,12241,3473,15714
2021-10-01,12367,3571,15938
2021-10-02,7962,2155,10117
2021-10-03,5884,1504,7388
2021-10-04,7089,2122,9211
2021-10-05,12448,3406,15854
2021-10-06,12172,3446,15618
2021-10-07,12309,3471,15780
2021-10-08,12676,3647,16323
2021-10-09,7079,1857,8936
2021-10-10,5467,1467,6934
2021-10-11,7326,2151,9477
2021-10-12,12724,3529,16253
2021-10-13,12723,3551,16274
2021-10-14,12847,3560,16407
2021-10-15,12868,3814,16682
2021-10-16,8278,2488,10766
2021-10-17,5583,1471,7054
2021-10-18,12191,3685,15876
2021-10-19,12275,3756,16031
2021-10-20,13030,3801,16831
2021-10-21,12749,3790,16539
2021-10-22,12998,3994,16992
2021-10-23,8487,2496,10983
2021-10-24,6141,1656,7797
2021-10-25,12749,3813,16562
2021-10-26,12812,3792,16604
2021-10-27,13084,3791,16875
2021-10-28,12970,3809,16779
2021-10-29,13446,4142,17588
2021-10-30,8734,2956,11690
2021-10-31,6349,1985,8334
2021-11-01,12645,3824,16469
2021-11-02,13010,4010,17020
2021-11-03,13070,3853,16923
2021-11-04,12869,3731,16600
2021-11-05,13235,3862,17097
2021-11-06,8660,2529,11189
2021-11-07,6586,1775,8361
2021-11-08,12069,3461,15530
2021-11-09,12662,3505,16167
2021-11-10,13196,3732,16928
2021-11-11,12807,3782,16589
2021-11-12,13194,3830,17024
2021-11-13,8699,2580,11279
2021-11-14,6367,1692,8059
2021-11-15,12335,3627,15962
2021-11-16,12706,3659,16365
2021-11-17,13010,3807,16817
2021-11-18,12485,3477,15962
2021-11-19,12935,3772,16707
2021-11-20,8532,2472,11004
2021-11-21,6185,1625,7810
2021-11-22,12543,3575,16118
2021-11-23,12702,3612,16314
2021-11-24,13056,3584,16640
2021-11-25,13105,3668,16773
2021-11-26,13674,3821,17495
2021-11-27,8568,2498,11066
2021-11-28,6236,1597,7833
2021-11-29,12684,3591,16275
2021-11-30,12156,3507,15663
2021-12-01,13018,3515,16533
2021-12-02,12516,3565,16081
2021-12-03,13343,3724,17067
2021-12-04,8119,2315,10434
2021-12-05,5905,1509,7414
2021-12-06,12430,3535,15965
2021-12-07,12531,3619,16150
2021-12-08,12527,3654,16181
2021-12-09,12266,3556,15822
2021-12-10,12859,3632,16491
2021-12-11,8032,2464,10496
2021-12-12,5764,1536,7300
2021-12-13,11938,3495,15433
2021-12-14,12182,3461,15643
2021-12-15,12345,3412,15757
2021-12-16,12334,3586,15920
2021-12-17,12533,3660,16193
2021-12-18,8179,2244,10423
2021-12-19,5896,1515,7411
2021-12-20,12111,3501,15612
2021-12-21,12580,3715,16295
2021-12-22,12787,3568,16355
2021-12-23,12600,3533,16133
2021-12-24,12602,3654,16256
2021-12-25,6204,1671,7875
2021-12-26,4924,1263,6187
2021-12-27,11520,3289,14809
2021-12-28,11952,3413,15365
2021-12-29,12684,3636,16320
2021-12-30,12020,3543,15563
2021-12-31,11236,3142,14378
2022-01-01,4528,1206,5734
2022-01-02,5522,1418,6940
2022-01-03,11471,3323,14794
2022-01-04,11983,3471,15454
2022-01-05,11967,3425,15392
2022-01-06,12059,3431,15490
2022-01-07,12444,3513,15957
2022-01-08,7981,2366,10347
2022-01-09,5787,1561,7348
2022-01-10,12005,3395,15400
2022-01-11,12046,3455,15501
2022-01-12,11926,3436,15362
2022-01-13,12102,3430,15532
2022-01-14,12357,3587,15944
2022-01-15,7913,2428,10341
2022-01-16,5949,1681,7630
2022-01-17,12114,3527,15641
2022-01-18,12164,3443,15607
2022-01-19,12748,3710,16458
2022-01-20,12236,3669,15905
2022-01-21,12689,3779,16468
2022-01-22,8256,2492,10748
2022-01-23,5955,1639,7594
2022-01-24,12335,3543,15878
2022-01-25,13033,3609,16642
2022-01-26,12453,3501,15954
2022-01-27,12382,3556,15938
2022-01-28,12076,3537,15613
2022-01-29,6776,2087,8863
2022-01-30,4986,1416,6402
2022-01-31,3747,1147,4894
2022-02-01,3714,1041,4755
2022-02-02,4860,1244,6104
2022-02-03,11084,3210,14294
2022-02-04,11625,3492,15117
2022-02-05,7247,2041,9288
2022-02-06,5241,1465,6706
2022-02-07,11801,3452,15253
2022-02-08,11819,3358,15177
2022-02-09,12013,3380,15393
2022-02-10,11998,3366,15364
2022-02-11,12329,3535,15864
2022-02-12,7712,2341,10053
2022-02-13,5753,1569,7322
2022-02-14,11585,3376,14961
2022-02-15,11506,3336,14842
2022-02-16,11420,3316,14736
2022-02-17,11249,3190,14439
2022-02-18,11551,3360,14911
2022-02-19,7616,2292,9908
2022-02-20,5446,1432,6878
2022-02-21,11231,3230,14461
2022-02-22,11231,3246,14477
2022-02-23,11295,3196,14491
2022-02-24,11120,3252,14372
2022-02-25,11731,3376,15107
2022-02-26,7334,2222,9556
2022-02-27,5467,1581,7048
2022-02-28,10942,3237,14179
2022-03-01,5842,1602,7444
2022-03-02,11841,3298,15139
2022-03-03,11708,3356,15064
2022-03-04,11898,3420,15318
2022-03-05,7367,2230,9597
2022-03-06,5450,1472,6922
2022-03-07,11484,3348,14832
2022-03-08,11954,3322,15276
2022-03-09,6220,1820,8040
2022-03-10,11234,3159,14393
2022-03-11,11592,3381,14973
2022-03-12,7635,2153,9788
2022-03-13,4836,1221,6057
2022-03-14,11145,3000,14145
2022-03-15,11345,3163,14508
2022-03-16,11289,3138,14427
2022-03-17,11204,3249,14453
2022-03-18,11339,3346,14685
2022-03-19,6789,2044,8833
2022-03-20,5524,1408,6932
2022-03-21,11187,3189,14376
2022-03-22,11424,3342,14766
2022-03-23,11469,3157,14626
2022-03-24,11567,3290,14857
2022-03-25,12283,3472,15755
2022-03-26,7324,2263,9587
2022-03-27,5889,1578,7467
2022-03-28,11669,3391,15060
2022-03-29,11975,3377,15352
2022-03-30,11882,3311,15193
2022-03-31,11707,3347,15054
2022-04-01,12476,3578,16054
2022-04-02,8362,2508,10870
2022-04-03,6218,1483,7701
2022-04-04,12157,3519,15676
2022-04-05,12225,3563,15788
2022-04-06,12528,3602,16130
2022-04-07,12419,3534,15953
2022-04-08,12864,3810,16674
2022-04-09,8516,2537,11053
2022-04-10,6513,1738,8251
2022-04-11,12360,3597,15957
2022-04-12,12545,3603,16148
2022-04-13,12467,3544,16011
2022-04-14,12614,3592,16206
2022-04-15,13300,3892,17192
2022-04-16,8996,2645,11641
2022-04-17,6611,1738,8349
2022-04-18,12541,3714,16255
2022-04-19,13092,3483,16575
2022-04-20,12992,3566,16558
2022-04-21,15316,3993,19309
2022-04-22,13181,3946,17127
2022-04-23,8960,2653,11613
2022-04-24,6564,1671,8235
2022-04-25,12849,3643,16492
2022-04-26,13213,3676,16889
2022-04-27,13536,3657,17193
2022-04-28,13313,3748,17061
2022-04-29,13966,3927,17893
2022-04-30,9669,2705,12374
2022-05-01,7336,2015,9351
2022-05-02,13310,3721,17031
2022-05-03,13599,3937,17536
2022-05-04,14028,4016,18044
2022-05-05,7149,2114,9263
2022-05-06,12302,3597,15899
2022-05-07,8398,2508,10906
2022-05-08,6833,1791,8624
2022-05-09,13454,3886,17340
2022-05-10,13805,3889,17694
2022-05-11,13678,3868,17546
2022-05-12,13622,3924,17546
2022-05-13,14158,4103,18261
2022-05-14,9914,2916,12830
2022-05-15,7557,2092,9649
2022-05-16,13458,3923,17381
2022-05-17,13697,3880,17577
2022-05-18,13770,3851,17621
2022-05-19,13949,3992,17941
2022-05-20,14225,4201,18426
2022-05-21,10011,2815,12826
2022-05-22,7538,2022,9560
2022-05-23,13181,3852,17033
2022-05-24,13964,3906,17870
2022-05-25,14151,4100,18251
2022-05-26,13835,4007,17842
2022-05-27,14175,4085,18260
2022-05-28,9525,2785,12310
2022-05-29,6962,1844,8806
2022-05-30,13432,3932,17364
2022-05-31,14042,3955,17997
2022-06-01,7930,2282,10212
2022-06-02,13544,3850,17394
2022-06-03,13941,3970,17911
2022-06-04,8835,2549,11384
2022-06-05,6848,1945,8793
2022-06-06,6845,2020,8865
2022-06-07,13344,3817,17161
2022-06-08,13569,3899,17468
2022-06-09,13648,3819,17467
2022-06-10,14031,4088,18119
2022-06-11,9559,2862,12421
2022-06-12,7035,1833,8868
2022-06-13,13496,3891,17387
2022-06-14,13661,3955,17616
2022-06-15,13744,3988,17732
2022-06-16,13592,3925,17517
2022-06-17,14090,4140,18230
2022-06-18,9400,2891,12291
2022-06-19,6890,1821,8711
2022-06-20,13369,3820,17189
2022-06-21,13387,3824,17211
2022-06-22,13777,3998,17775
2022-06-23,13247,3814,17061
2022-06-24,14020,4045,18065
2022-06-25,9569,2841,12410
2022-06-26,6777,1758,8535
2022-06-27,13078,3860,16938
2022-06-28,13013,3840,16853
2022-06-29,13070,3698,16768
2022-06-30,12741,3802,16543
2022-07-01,13782,4235,18017
2022-07-02,9362,2712,12074
2022-07-03,6814,1796,8610
2022-07-04,13013,3830,16843
2022-07-05,13222,3835,17057
2022-07-06,13368,3841,17209
2022-07-07,13154,3905,17059
2022-07-08,13759,3982,17741
2022-07-09,8807,2618,11425
2022-07-10,6503,1757,8260
2022-07-11,13149,3723,16872
2022-07-12,13303,3909,17212
2022-07-13,12894,3794,16688
2022-07-14,13428,3938,17366
2022-07-15,13705,4172,17877
2022-07-16,9091,2741,11832
2022-07-17,6715,1725,8440
2022-07-18,12886,3716,16602
2022-07-19,13100,3835,16935
2022-07-20,13066,3916,16982
2022-07-21,12542,3855,16397
2022-07-22,13128,3978,17106
2022-07-23,8331,2461,10792
2022-07-24,6448,1628,8076
2022-07-25,12369,3689,16058
2022-07-26,12628,3776,16404
2022-07-27,12597,3746,16343
2022-07-28,12274,3799,16073
2022-07-29,12621,3878,16499
2022-07-30,7807,2301,10108
2022-07-31,5980,1630,7610
2022-08-01,11453,3431,14884
2022-08-02,11599,3418,15017
2022-08-03,11544,3540,15084
2022-08-04,12060,3572,15632
2022-08-05,12285,3527,15812
2022-08-06,8104,2430,10534
2022-08-07,6255,1648,7903
2022-08-08,11473,3372,14845
2022-08-09,11099,3206,14305
2022-08-10,12174,3635,15809
2022-08-11,12002,3416,15418
2022-08-12,12759,3789,16548
2022-08-13,7753,2315,10068
2022-08-14,6347,1708,8055
2022-08-15,6140,1583,7723
2022-08-16,12212,3580,15792
2022-08-17,12517,3729,16246
2022-08-18,12788,3606,16394
2022-08-19,12765,3682,16447
2022-08-20,8559,2567,11126
2022-08-21,6579,1762,8341
2022-08-22,12836,3705,16541
2022-08-23,13105,3693,16798
2022-08-24,13278,3700,16978
2022-08-25,13003,3825,16828
2022-08-26,13573,3929,17502
2022-08-27,9224,2639,11863
2022-08-28,6973,1849,8822
2022-08-29,12849,3672,16521
2022-08-30,12910,3692,16602
2022-08-31,13416,3873,17289
2022-09-01,13565,3850,17415
2022-09-02,13966,3993,17959
2022-09-03,9265,2668,11933
2022-09-04,6391,1741,8132
2022-09-05,12502,3448,15950
2022-09-06,12626,3690,16316
2022-09-07,14043,4034,18077
2022-09-08,13436,3867,17303
2022-09-09,5124,1479,6603
2022-09-10,4438,1115,5553
2022-09-11,5866,1392,7258
2022-09-12,6291,1639,7930
2022-09-13,12654,3591,16245
2022-09-14,13545,3678,17223
2022-09-15,13715,3835,17550
2022-09-16,14984,4108,19092
2022-09-17,9557,2694,12251
2022-09-18,6892,1832,8724
2022-09-19,13378,3747,17125
2022-09-20,13921,3904,17825
2022-09-21,14021,3802,17823
2022-09-22,13897,3881,17778
2022-09-23,14267,4061,18328
2022-09-24,10011,2870,12881
2022-09-25,7264,1927,9191
2022-09-26,13280,3678,16958
2022-09-27,13655,4017,17672
2022-09-28,13879,3896,17775
2022-09-29,13842,3909,17751
2022-09-30,14222,4060,18282
2022-10-01,9327,2608,11935
2022-10-02,7191,1870,9061
2022-10-03,6113,1604,7717
2022-10-04,13518,3808,17326
2022-10-05,13918,3923,17841
2022-10-06,13699,3906,17605
2022-10-07,14622,4034,18656
2022-10-08,9894,2980,12874
2022-10-09,6903,1850,8753
2022-10-10,7172,2074,9246
2022-10-11,13635,3871,17506
2022-10-12,13920,3901,17821
2022-10-13,13991,3911,17902
2022-10-14,14475,4022,18497
2022-10-15,10168,3085,13253
2022-10-16,7503,2077,9580
2022-10-17,13857,3840,17697
2022-10-18,13750,3870,17620
2022-10-19,14119,3861,17980
2022-10-20,13736,3815,17551
2022-10-21,14284,4072,18356
2022-10-22,10348,2994,13342
2022-10-23,7733,1941,9674
2022-10-24,13454,3836,17290
2022-10-25,13713,3873,17586
2022-10-26,14102,4014,18116
2022-10-27,14067,3962,18029
2022-10-28,14494,4073,18567
2022-10-29,12174,3809,15983
2022-10-30,7422,2026,9448
2022-10-31,13363,3751,17114
2022-11-01,13639,3750,17389
2022-11-02,13674,3927,17601
2022-11-03,13874,3873,17747
2022-11-04,14189,3919,18108
2022-11-05,9547,2833,12380
2022-11-06,7423,1912,9335
2022-11-07,13311,3801,17112
2022-11-08,13777,3796,17573
2022-11-09,14019,3816,17835
2022-11-10,13843,3919,17762
2022-11-11,14182,4149,18331
2022-11-12,9583,2826,12409
2022-11-13,6906,1743,8649
2022-11-14,13082,3803,16885
2022-11-15,13285,3825,17110
2022-11-16,13852,3681,17533
2022-11-17,13337,3777,17114
2022-11-18,13464,3922,17386
2022-11-19,9628,2821,12449
2022-11-20,7547,1887,9434
2022-11-21,13552,3839,17391
2022-11-22,13783,3781,17564
2022-11-23,13961,3909,17870
2022-11-24,14178,3971,18149
2022-11-25,14486,4043,18529
2022-11-26,9991,2859,12850
2022-11-27,7037,1819,8856
2022-11-28,13175,3660,16835
2022-11-29,13484,3837,17321
2022-11-30,13468,3599,17067
2022-12-01,12979,3702,16681
2022-12-02,13965,3932,17897
2022-12-03,9233,2649,11882
2022-12-04,6943,1780,8723
2022-12-05,13071,3756,16827
2022-12-06,13409,3850,17259
2022-12-07,13930,3970,17900
2022-12-08,13941,3910,17851
2022-12-09,14284,4145,18429
2022-12-10,10280,2991,13271
2022-12-11,7155,1957,9112
2022-12-12,13669,3908,17577
2022-12-13,14291,3989,18280
2022-12-14,13488,3720,17208
2022-12-15,14007,3898,17905
2022-12-16,14276,4269,18545
2022-12-17,10061,3052,13113
2022-12-18,6912,1797,8709
2022-12-19,13029,3798,16827
2022-12-20,13961,3912,17873
2022-12-21,14485,4128,18613
2022-12-22,13834,4018,17852
2022-12-23,14014,4292,18306
2022-12-24,8678,2466,11144
2022-12-25,6795,1688,8483
2022-12-26,12971,3794,16765
2022-12-27,13370,3961,17331
2022-12-28,13411,3946,17357
2022-12-29,13183,3907,17090
2022-12-30,12915,3856,16771
2022-12-31,7816,2383,10199
2023-01-01,5884,1503,7387
2023-01-02,12167,3442,15609
2023-01-03,12609,3607,16216
2023-01-04,12964,3706,16670
2023-01-05,12787,3685,16472
2023-01-06,13351,3938,17289
2023-01-07,8832,2678,11510
2023-01-08,6574,1844,8418
2023-01-09,12820,3744,16564
2023-01-10,13196,3802,16998
2023-01-11,13252,3847,17099
2023-01-12,13300,3820,17120
2023-01-13,13592,4017,17609
2023-01-14,9048,2781,11829
2023-01-15,6752,1755,8507
2023-01-16,13030,3840,16870
2023-01-17,13309,3832,17141
2023-01-18,13510,3960,17470
2023-01-19,13302,3920,17222
2023-01-20,12590,3681,16271
2023-01-21,4783,1352,6135
2023-01-22,4448,1095,5543
2023-01-23,5332,1367,6699
2023-01-24,4831,1207,6038
2023-01-25,11576,3252,14828
2023-01-26,13161,3811,16972
2023-01-27,13740,4104,17844
2023-01-28,8928,2600,11528
2023-01-29,6678,1798,8476
2023-01-30,13168,3761,16929
2023-01-31,13319,3897,17216
2023-02-01,13556,3912,17468
2023-02-02,13689,3985,17674
2023-02-03,13540,4057,17597
2023-02-04,9526,2777,12303
2023-02-05,6951,1852,8803
2023-02-06,13007,3824,16831
2023-02-07,13295,3899,17194
2023-02-08,13611,3940,17551
2023-02-09,13449,3871,17320
2023-02-10,13771,3985,17756
2023-02-11,9745,3049,12794
2023-02-12,7063,1993,9056
2023-02-13,13090,3855,16945
2023-02-14,13606,4062,17668
2023-02-15,13655,3958,17613
2023-02-16,13668,4081,17749
2023-02-17,14022,4107,18129
2023-02-18,9644,2910,12554
2023-02-19,7441,2121,9562
2023-02-20,13269,3834,17103
2023-02-21,13573,4044,17617
2023-02-22,13504,4064,17568
2023-02-23,13902,3998,17900
2023-02-24,14262,4308,18570
2023-02-25,9663,2978,12641
2023-02-26,7301,2031,9332
2023-02-27,13158,3799,16957
2023-02-28,13760,4134,17894
2023-03-01,7650,2269,9919
2023-03-02,13416,4027,17443
2023-03-03,14268,4182,18450
2023-03-04,9544,3004,12548
2023-03-05,7003,1921,8924
2023-03-06,13746,3876,17622
2023-03-07,13995,4015,18010
2023-03-08,14116,4024,18140
2023-03-09,14029,4065,18094
2023-03-10,14610,4167,18777
2023-03-11,9618,2822,12440
2023-03-12,6570,1774,8344
2023-03-13,13630,4037,17667
2023-03-14,14188,4041,18229
2023-03-15,14138,4002,18140
2023-03-16,14093,4069,18162
2023-03-17,14685,4233,18918
2023-03-18,9729,3096,12825
2023-03-19,7423,1909,9332
2023-03-20,13835,4102,17937
2023-03-21,14154,4049,18203
2023-03-22,14301,3966,18267
2023-03-23,14020,3995,18015
2023-03-24,14683,4391,19074
2023-03-25,10080,2838,12918
2023-03-26,7522,2017,9539
2023-03-27,13846,3925,17771
2023-03-28,14274,4196,18470
2023-03-29,14179,4101,18280
2023-03-30,14313,4163,18476
2023-03-31,14672,4285,18957
2023-04-01,10070,2954,13024
2023-04-02,7639,1933,9572
2023-04-03,13517,4136,17653
2023-04-04,14016,4081,18097
2023-04-05,13390,3736,17126
2023-04-06,13989,4074,18063
2023-04-07,14991,4350,19341
2023-04-08,9930,3146,13076
2023-04-09,8030,2142,10172
2023-04-10,13822,4039,17861
2023-04-11,13712,3936,17648
2023-04-12,14415,4057,18472
2023-04-13,14154,4242,18396
2023-04-14,14601,4394,18995
2023-04-15,9570,3064,12634
2023-04-16,7430,2033,9463
2023-04-17,13846,4054,17900
2023-04-18,13874,4005,17879
2023-04-19,14396,4106,18502
2023-04-20,14125,4090,18215
2023-04-21,14665,4288,18953
2023-04-22,10020,2984,13004
2023-04-23,7654,2032,9686
2023-04-24,13956,4112,18068
2023-04-25,14197,4021,18218
2023-04-26,14196,4141,18337
2023-04-27,14258,4065,18323
2023-04-28,14837,4400,19237
2023-04-29,8902,2781,11683
2023-04-30,7777,2272,10049
2023-05-01,10191,3056,13247
2023-05-02,14105,4151,18256
2023-05-03,14528,4212,18740
2023-05-04,14541,4368,18909
2023-05-05,6529,2054,8583
2023-05-06,7843,2443,10286
2023-05-07,7479,2002,9481
2023-05-08,14014,3982,17996
2023-05-09,14203,4163,18366
2023-05-10,14552,4118,18670
2023-05-11,14232,4163,18395
2023-05-12,14973,4376,19349
2023-05-13,10563,3056,13619
2023-05-14,7993,2220,10213
2023-05-15,13562,4080,17642
2023-05-16,14456,4152,18608
2023-05-17,14587,4101,18688
2023-05-18,14227,4137,18364
2023-05-19,14934,4337,19271
2023-05-20,10851,3343,14194
2023-05-21,7656,2122,9778
2023-05-22,13877,4002,17879
2023-05-23,14095,4180,18275
2023-05-24,14376,4110,18486
2023-05-25,14621,4250,18871
2023-05-26,14446,4331,18777
2023-05-27,8699,2508,11207
2023-05-28,6739,1804,8543
2023-05-29,7905,2460,10365
2023-05-30,14026,3999,18025
2023-05-31,14310,3948,18258
2023-06-01,14132,4078,18210
2023-06-02,14552,4080,18632
2023-06-03,9678,2971,12649
2023-06-04,7637,2019,9656
2023-06-05,12613,3711,16324
2023-06-06,7500,2066,9566
2023-06-07,14147,3966,18113
2023-06-08,14343,4004,18347
2023-06-09,14689,4271,18960
2023-06-10,10012,2990,13002
2023-06-11,7311,2072,9383
2023-06-12,13723,4119,17842
2023-06-13,14157,4101,18258
2023-06-14,14118,4001,18119
2023-06-15,14245,4127,18372
2023-06-16,14773,4286,19059
2023-06-17,10123,3092,13215
2023-06-18,7637,2016,9653
2023-06-19,13501,3904,17405
2023-06-20,13941,4135,18076
2023-06-21,13919,4040,17959
2023-06-22,14308,4274,18582
2023-06-23,14926,4235,19161
2023-06-24,10050,3162,13212
2023-06-25,7391,1994,9385
2023-06-26,13309,3827,17136
2023-06-27,13933,4013,17946
2023-06-28,14190,3999,18189
2023-06-29,13165,3720,16885
2023-06-30,14463,4161,18624
