사용일자,2호선,3호선,합계
2019-01-01,7554,3221,10775
2019-01-02,26126,13105,39231
2019-01-03,26764,13341,40105
2019-01-04,27983,14304,42287
2019-01-05,12383,6910,19293
2019-01-06,9817,4011,13828
2019-01-07,26231,13627,39858
2019-01-08,26203,13482,39685
2019-01-09,26320,13623,39943
2019-01-10,26706,13508,40214
2019-01-11,27924,14587,42511
2019-01-12,13245,7422,20667
2019-01-13,9963,4367,14330
2019-01-14,25880,13427,39307
2019-01-15,26289,13495,39784
2019-01-16,27348,14136,41484
2019-01-17,26833,13882,40715
2019-01-18,28435,14410,42845
2019-01-19,13124,7596,20720
2019-01-20,10035,4379,14414
2019-01-21,26641,13676,40317
2019-01-22,27112,13851,40963
2019-01-23,27661,13957,41618
2019-01-24,27130,14092,41222
2019-01-25,28477,14994,43471
2019-01-26,13458,7544,21002
2019-01-27,10573,4334,14907
2019-01-28,26282,13542,39824
2019-01-29,26284,13509,39793
2019-01-30,27342,13751,41093
2019-01-31,26216,13559,39775
2019-02-01,25216,13065,38281
2019-02-02,9746,5154,14900
2019-02-03,7727,3066,10793
2019-02-04,4557,2164,6721
2019-02-05,3792,1834,5626
2019-02-06,6361,3128,9489
2019-02-07,24655,12798,37453
2019-02-08,26852,13555,40407
2019-02-09,13131,7095,20226
2019-02-10,10382,4100,14482
2019-02-11,26938,13864,40802
2019-02-12,27378,13711,41089
2019-02-13,28009,14252,42261
2019-02-14,27747,13755,41502
2019-02-15,28880,14665,43545
2019-02-16,13886,7814,21700
2019-02-17,10460,4314,14774
2019-02-18,26673,13715,40388
2019-02-19,26720,13891,40611
2019-02-20,27622,14233,41855
2019-02-21,27661,13994,41655
2019-02-22,27891,14520,42411
2019-02-23,14338,8372,22710
2019-02-24,10656,4583,15239
2019-02-25,26821,13722,40543
2019-02-26,27364,13959,41323
2019-02-27,28263,14288,42551
2019-02-28,27888,14727,42615
2019-03-01,12799,7147,19946
2019-03-02,12156,6676,18832
2019-03-03,9832,4255,14087
2019-03-04,25511,12991,38502
2019-03-05,26277,13210,39487
2019-03-06,27841,13999,41840
2019-03-07,27643,13816,41459
2019-03-08,29526,14620,44146
2019-03-09,14741,8040,22781
2019-03-10,11138,4501,15639
2019-03-11,26838,13740,40578
2019-03-12,26997,13622,40619
2019-03-13,27988,13994,41982
2019-03-14,27658,13661,41319
2019-03-15,28800,14605,43405
2019-03-16,14622,7961,22583
2019-03-17,11846,4900,16746
2019-03-18,27009,13577,40586
2019-03-19,27456,13544,41000
2019-03-20,27820,14066,41886
2019-03-21,28144,13920,42064
2019-03-22,28848,14854,43702
2019-03-23,14386,7934,22320
2019-03-24,11366,4687,16053
2019-03-25,26815,13476,40291
2019-03-26,27833,13736,41569
2019-03-27,28670,13915,42585
2019-03-28,27925,13983,41908
2019-03-29,29102,14309,43411
2019-03-30,13632,7438,21070
2019-03-31,10671,4180,14851
2019-04-01,26360,13440,39800
2019-04-02,26678,13387,40065
2019-04-03,27986,13764,41750
2019-04-04,27554,13710,41264
2019-04-05,28073,14106,42179
2019-04-06,13503,7097,20600
2019-04-07,11218,4345,15563
2019-04-08,26342,13411,39753
2019-04-09,26392,13374,39766
2019-04-10,27469,13680,41149
2019-04-11,27412,13788,41200
2019-04-12,28718,14133,42851
2019-04-13,14126,7786,21912
2019-04-14,10171,4061,14232
2019-04-15,26832,13649,40481
2019-04-16,26846,13419,40265
2019-04-17,27809,13970,41779
2019-04-18,26607,13485,40092
2019-04-19,28738,14356,43094
2019-04-20,14043,7927,21970
2019-04-21,11249,4600,15849
2019-04-22,26274,13332,39606
2019-04-23,26375,13424,39799
2019-04-24,27882,14148,42030
2019-04-25,26716,13878,40594
2019-04-26,28283,14400,42683
2019-04-27,15092,8414,23506
2019-04-28,11473,4622,16095
2019-04-29,27891,13845,41736
2019-04-30,29558,14986,44544
2019-05-01,15368,8548,23916
2019-05-02,27940,14197,42137
2019-05-03,29669,15112,44781
2019-05-04,15151,8161,23312
2019-05-05,12216,5433,17649
2019-05-06,9232,5133,14365
2019-05-07,26053,13389,39442
2019-05-08,27041,13624,40665
2019-05-09,27643,13877,41520
2019-05-10,30120,15718,45838
2019-05-11,16437,9148,25585
2019-05-12,11473,4876,16349
2019-05-13,26587,13541,40128
2019-05-14,27335,13664,40999
2019-05-15,28650,14350,43000
2019-05-16,27601,14185,41786
2019-05-17,29843,14887,44730
2019-05-18,16301,8745,25046
2019-05-19,10490,4314,14804
2019-05-20,26746,13595,40341
2019-05-21,27364,13893,41257
2019-05-22,28500,14415,42915
2019-05-23,28292,14429,42721
2019-05-24,30599,15393,45992
2019-05-25,16565,9147,25712
2019-05-26,11516,4848,16364
2019-05-27,26004,13349,39353
2019-05-28,27662,13984,41646
2019-05-29,28351,14413,42764
2019-05-30,27127,14064,41191
2019-05-31,30125,15258,45383
2019-06-01,15758,8617,24375
2019-06-02,11682,4818,16500
2019-06-03,26819,13640,40459
2019-06-04,26899,13676,40575
2019-06-05,29958,15216,45174
2019-06-06,10535,5598,16133
2019-06-07,24627,13084,37711
2019-06-08,14687,8114,22801
2019-06-09,10396,4130,14526
2019-06-10,26119,13284,39403
2019-06-11,26651,13677,40328
2019-06-12,27735,14111,41846
2019-06-13,27509,14029,41538
2019-06-14,29370,14951,44321
2019-06-15,15289,8129,23418
2019-06-16,11220,4625,15845
2019-06-17,27094,13482,40576
2019-06-18,26916,13646,40562
2019-06-19,28213,14281,42494
2019-06-20,28394,14220,42614
2019-06-21,29797,14966,44763
2019-06-22,15713,8689,24402
2019-06-23,12085,4842,16927
2019-06-24,27871,13994,41865
2019-06-25,28542,14536,43078
2019-06-26,28890,14448,43338
2019-06-27,28036,14064,42100
2019-06-28,30229,15085,45314
2019-06-29,15860,8323,24183
2019-06-30,11854,4647,16501
2019-07-01,26725,13700,40425
2019-07-02,27470,13700,41170
2019-07-03,28719,14364,43083
2019-07-04,28063,14315,42378
2019-07-05,29260,15117,44377
2019-07-06,15486,8142,23628
2019-07-07,11500,4609,16109
2019-07-08,27149,13802,40951
2019-07-09,28012,14330,42342
2019-07-10,28121,14005,42126
2019-07-11,27843,14217,42060
2019-07-12,29698,15422,45120
2019-07-13,14960,8028,22988
2019-07-14,11747,4715,16462
2019-07-15,26241,13600,39841
2019-07-16,27422,14010,41432
2019-07-17,28841,14385,43226
2019-07-18,28072,14110,42182
2019-07-19,29755,14782,44537
2019-07-20,13958,7202,21160
2019-07-21,10693,4300,14993
2019-07-22,27633,13903,41536
2019-07-23,27718,13794,41512
2019-07-24,27988,14096,42084
2019-07-25,27217,13564,40781
2019-07-26,27389,13840,41229
2019-07-27,13793,7411,21204
2019-07-28,9737,3935,13672
2019-07-29,26811,13692,40503
2019-07-30,27267,13579,40846
2019-07-31,25831,12961,38792
2019-08-01,25401,11933,37334
2019-08-02,26302,12381,38683
2019-08-03,12603,6388,18991
2019-08-04,10486,4049,14535
2019-08-05,25229,12980,38209
2019-08-06,26111,13011,39122
2019-08-07,26552,13569,40121
2019-08-08,27532,13614,41146
2019-08-09,28095,14424,42519
2019-08-10,13222,7201,20423
2019-08-11,10836,4497,15333
2019-08-12,25849,13252,39101
2019-08-13,27210,13602,40812
2019-08-14,28803,14663,43466
2019-08-15,10706,6070,16776
2019-08-16,24670,12768,37438
2019-08-17,13687,7266,20953
2019-08-18,11134,4564,15698
2019-08-19,27189,13807,40996
2019-08-20,27663,13938,41601
2019-08-21,28066,14195,42261
2019-08-22,27953,13999,41952
2019-08-23,29164,15161,44325
2019-08-24,15716,8526,24242
2019-08-25,11599,4940,16539
2019-08-26,27292,13780,41072
2019-08-27,27909,13925,41834
2019-08-28,28674,14332,43006
2019-08-29,27394,13762,41156
2019-08-30,29898,15095,44993
2019-08-31,15057,8788,23845
2019-09-01,11623,4754,16377
2019-09-02,27031,13727,40758
2019-09-03,27619,13891,41510
2019-09-04,27781,13852,41633
2019-09-05,26973,13526,40499
2019-09-06,28773,14349,43122
2019-09-07,9216,4988,14204
2019-09-08,11149,4669,15818
2019-09-09,27027,13745,40772
2019-09-10,26425,13498,39923
2019-09-11,25458,12809,38267
2019-09-12,5938,2782,8720
2019-09-13,5915,2496,8411
2019-09-14,8507,3938,12445
2019-09-15,10152,4218,14370
2019-09-16,25300,12815,38115
2019-09-17,26912,13682,40594
2019-09-18,28136,14272,42408
2019-09-19,28580,14362,42942
2019-09-20,30772,15495,46267
2019-09-21,16823,9423,26246
2019-09-22,10778,4311,15089
2019-09-23,27657,13995,41652
2019-09-24,28027,14184,42211
2019-09-25,29047,14384,43431
2019-09-26,28394,14233,42627
2019-09-27,30678,15709,46387
2019-09-28,16822,9644,26466
2019-09-29,12130,5318,17448
2019-09-30,27161,14099,41260
2019-10-01,27460,14110,41570
2019-10-02,29044,14756,43800
2019-10-03,14582,9209,23791
2019-10-04,27955,14348,42303
2019-10-05,16110,8907,25017
2019-10-06,12108,4987,17095
2019-10-07,26100,13514,39614
2019-10-08,29590,15386,44976
2019-10-09,13295,7897,21192
2019-10-10,27421,14123,41544
2019-10-11,30007,15396,45403
2019-10-12,15982,9115,25097
2019-10-13,12210,5094,17304
2019-10-14,27023,13779,40802
2019-10-15,27045,13895,40940
2019-10-16,28064,14258,42322
2019-10-17,27717,14162,41879
2019-10-18,29646,15341,44987
2019-10-19,17010,9448,26458
2019-10-20,12367,5369,17736
2019-10-21,27468,13911,41379
2019-10-22,27453,13895,41348
2019-10-23,28445,14346,42791
2019-10-24,28228,14396,42624
2019-10-25,30678,16000,46678
2019-10-26,17431,9554,26985
2019-10-27,13375,5636,19011
2019-10-28,28044,14154,42198
2019-10-29,28318,14525,42843
2019-10-30,28729,14858,43587
2019-10-31,28672,14757,43429
2019-11-01,29591,15254,44845
2019-11-02,16787,9296,26083
2019-11-03,12795,5357,18152
2019-11-04,27337,14256,41593
2019-11-05,27201,13956,41157
2019-11-06,29019,14616,43635
2019-11-07,27583,14186,41769
2019-11-08,29545,15379,44924
2019-11-09,16331,9482,25813
2019-11-10,11878,5148,17026
2019-11-11,26723,13834,40557
2019-11-12,27096,13825,40921
2019-11-13,27518,13953,41471
2019-11-14,27310,13889,41199
2019-11-15,28361,14938,43299
2019-11-16,17142,9465,26607
2019-11-17,11259,4804,16063
2019-11-18,27093,13904,40997
2019-11-19,26788,13650,40438
2019-11-20,28128,14349,42477
2019-11-21,27445,13940,41385
2019-11-22,29254,14880,44134
2019-11-23,15584,8467,24051
2019-11-24,11274,4619,15893
2019-11-25,26972,13858,40830
2019-11-26,27339,13853,41192
2019-11-27,28037,14373,42410
2019-11-28,28171,14308,42479
2019-11-29,29543,14986,44529
2019-11-30,15445,8598,24043
2019-12-01,10639,4397,15036
2019-12-02,26967,13907,40874
2019-12-03,26767,13550,40317
2019-12-04,27804,14154,41958
2019-12-05,27831,14462,42293
2019-12-06,29221,15033,44254
2019-12-07,17015,8727,25742
2019-12-08,11154,4722,15876
2019-12-09,27316,14101,41417
2019-12-10,27744,13944,41688
2019-12-11,28135,14589,42724
2019-12-12,28345,14621,42966
2019-12-13,29313,15889,45202
2019-12-14,16684,9017,25701
2019-12-15,11844,4853,16697
2019-12-16,27637,14430,42067
2019-12-17,27694,14591,42285
2019-12-18,29437,15010,44447
2019-12-19,28908,14800,43708
2019-12-20,30457,15748,46205
2019-12-21,17309,9281,26590
2019-12-22,12539,5288,17827
2019-12-23,28737,15037,43774
2019-12-24,31267,16878,48145
2019-12-25,15747,7224,22971
2019-12-26,27801,14468,42269
2019-12-27,29330,15799,45129
2019-12-28,15877,8868,24745
2019-12-29,12578,5077,17655
2019-12-30,28210,14565,42775
2019-12-31,25779,13551,39330
2020-01-01,8672,3543,12215
2020-01-02,26176,13470,39646
2020-01-03,27684,14521,42205
2020-01-04,13706,7364,21070
2020-01-05,10811,4439,15250
2020-01-06,26820,13882,40702
2020-01-07,25979,13699,39678
2020-01-08,27798,14233,42031
2020-01-09,27815,14150,41965
2020-01-10,28297,14502,42799
2020-01-11,14787,8027,22814
2020-01-12,11768,4817,16585
2020-01-13,27090,14056,41146
2020-01-14,27360,13981,41341
2020-01-15,28173,14270,42443
2020-01-16,27675,14339,42014
2020-01-17,29720,15080,44800
2020-01-18,14929,8185,23114
2020-01-19,11168,4679,15847
2020-01-20,27381,14030,41411
2020-01-21,27105,13898,41003
2020-01-22,27441,13965,41406
2020-01-23,24314,12441,36755
2020-01-24,5599,2582,8181
2020-01-25,4853,1967,6820
2020-01-26,9102,3704,12806
2020-01-27,6827,3213,10040
2020-01-28,23873,12082,35955
2020-01-29,26249,13231,39480
2020-01-30,26098,13379,39477
2020-01-31,26825,13719,40544
2020-02-01,11014,5986,17000
2020-02-02,8877,3519,12396
2020-02-03,25301,12677,37978
2020-02-04,25099,12818,37917
2020-02-05,25496,12847,38343
2020-02-06,24642,12598,37240
2020-02-07,25487,13075,38562
2020-02-08,10104,5722,15826
2020-02-09,8388,3193,11581
2020-02-10,24898,12662,37560
2020-02-11,25385,13018,38403
2020-02-12,25134,12889,38023
2020-02-13,25528,13242,38770
2020-02-14,26524,13650,40174
2020-02-15,11092,6191,17283
2020-02-16,8357,3561,11918
2020-02-17,25254,12927,38181
2020-02-18,25124,12846,37970
2020-02-19,25945,13150,39095
2020-02-20,25041,12930,37971
2020-02-21,23674,12200,35874
2020-02-22,8300,4552,12852
2020-02-23,5794,2483,8277
2020-02-24,21672,10971,32643
2020-02-25,20582,10529,31111
2020-02-26,20425,10237,30662
2020-02-27,19273,9993,29266
2020-02-28,18047,9454,27501
2020-02-29,5333,3002,8335
2020-03-01,2576,1219,3795
2020-03-02,17781,9394,27175
2020-03-03,17663,9481,27144
2020-03-04,17842,9383,27225
2020-03-05,17772,9395,27167
2020-03-06,17894,9566,27460
2020-03-07,5621,3466,9087
2020-03-08,2848,1403,4251
2020-03-09,18210,9659,27869
2020-03-10,17718,9541,27259
2020-03-11,18138,9704,27842
2020-03-12,17658,9338,26996
2020-03-13,17680,9677,27357
2020-03-14,5977,3473,9450
2020-03-15,2861,1437,4298
2020-03-16,17735,9463,27198
2020-03-17,17766,9419,27185
2020-03-18,18348,9705,28053
2020-03-19,17703,9355,27058
2020-03-20,18396,9872,28268
2020-03-21,6335,3655,9990
2020-03-22,3004,1483,4487
2020-03-23,18182,9506,27688
2020-03-24,18363,9611,27974
2020-03-25,18676,9812,28488
2020-03-26,18115,9542,27657
2020-03-27,18757,9858,28615
2020-03-28,6390,3813,10203
2020-03-29,3312,1628,4940
2020-03-30,18711,9699,28410
2020-03-31,18781,9817,28598
2020-04-01,18540,9694,28234
2020-04-02,18521,9721,28242
2020-04-03,18985,10025,29010
2020-04-04,6278,3645,9923
2020-04-05,3110,1526,4636
2020-04-06,19093,10066,29159
2020-04-07,19224,10134,29358
2020-04-08,19168,10078,29246
2020-04-09,19165,10149,29314
2020-04-10,19634,10514,30148
2020-04-11,6796,3795,10591
2020-04-12,3827,1832,5659
2020-04-13,19156,10162,29318
2020-04-14,20947,10504,31451
2020-04-15,5681,3359,9040
2020-04-16,19542,10212,29754
2020-04-17,19702,10478,30180
2020-04-18,7615,4435,12050
2020-04-19,3739,1774,5513
2020-04-20,19779,10373,30152
2020-04-21,20251,10573,30824
2020-04-22,20491,10785,31276
2020-04-23,20443,10927,31370
2020-04-24,21429,11397,32826
2020-04-25,7822,4673,12495
2020-04-26,4659,2317,6976
2020-04-27,20728,10810,31538
2020-04-28,21272,11122,32394
2020-04-29,22039,11785,33824
2020-04-30,6830,3947,10777
2020-05-01,8272,5219,13491
2020-05-02,7279,4351,11630
2020-05-03,5153,2363,7516
2020-05-04,17106,9606,26712
2020-05-05,5481,3152,8633
2020-05-06,21660,11644,33304
2020-05-07,22107,11638,33745
2020-05-08,21445,11486,32931
2020-05-09,7060,4374,11434
2020-05-10,5309,2536,7845
2020-05-11,21120,11171,32291
2020-05-12,21215,11192,32407
2020-05-13,21552,11289,32841
2020-05-14,20969,11209,32178
2020-05-15,20817,11315,32132
2020-05-16,7978,4781,12759
2020-05-17,5087,2337,7424
2020-05-18,20082,10680,30762
2020-05-19,20902,11018,31920
2020-05-20,21561,11488,33049
2020-05-21,21445,11420,32865
2020-05-22,22046,11817,33863
2020-05-23,9037,5297,14334
2020-05-24,5037,2484,7521
2020-05-25,21107,11097,32204
2020-05-26,21297,11373,32670
2020-05-27,21872,11648,33520
2020-05-28,21472,11534,33006
2020-05-29,22241,11970,34211
2020-05-30,8760,5233,13993
2020-05-31,5117,2403,7520
2020-06-01,20563,11055,31618
2020-06-02,20212,10815,31027
2020-06-03,21381,11348,32729
2020-06-04,21233,11245,32478
2020-06-05,21560,11566,33126
2020-06-06,7738,4639,12377
2020-06-07,5099,2434,7533
2020-06-08,20369,10980,31349
2020-06-09,21187,11209,32396
2020-06-10,20925,11173,32098
2020-06-11,21176,11292,32468
2020-06-12,21570,11638,33208
2020-06-13,8483,5114,13597
2020-06-14,5199,2469,7668
2020-06-15,20689,10995,31684
2020-06-16,21227,11190,32417
2020-06-17,21408,11330,32738
2020-06-18,21241,11322,32563
2020-06-19,22324,11881,34205
2020-06-20,8860,5245,14105
2020-06-21,5328,2547,7875
2020-06-22,20704,11058,31762
2020-06-23,21029,11168,32197
2020-06-24,20827,11141,31968
2020-06-25,21654,11607,33261
2020-06-26,22676,12243,34919
2020-06-27,9932,5690,15622
2020-06-28,5850,2672,8522
2020-06-29,21034,11138,32172
2020-06-30,21306,11297,32603
2020-07-01,21851,11604,33455
2020-07-02,22128,11718,33846
2020-07-03,23064,12451,35515
2020-07-04,9370,5658,15028
2020-07-05,5828,2678,8506
2020-07-06,21745,11467,33212
2020-07-07,22208,11682,33890
2020-07-08,22673,11942,34615
2020-07-09,22526,11996,34522
2020-07-10,22897,12144,35041
2020-07-11,9591,5559,15150
2020-07-12,5805,2689,8494
2020-07-13,21011,11201,32212
2020-07-14,22334,11787,34121
2020-07-15,23052,12056,35108
2020-07-16,22488,11945,34433
2020-07-17,22963,12291,35254
2020-07-18,9794,5804,15598
2020-07-19,5359,2393,7752
2020-07-20,21758,11369,33127
2020-07-21,22350,11787,34137
2020-07-22,22536,11921,34457
2020-07-23,21864,11706,33570
2020-07-24,22973,12369,35342
2020-07-25,10056,5963,16019
2020-07-26,6347,2958,9305
2020-07-27,21618,11349,32967
2020-07-28,22024,11643,33667
2020-07-29,21953,11715,33668
2020-07-30,22571,11788,34359
2020-07-31,23089,12530,35619
2020-08-01,7826,4660,12486
2020-08-02,5130,2450,7580
2020-08-03,19250,9356,28606
2020-08-04,19985,9889,29874
2020-08-05,21634,10602,32236
2020-08-06,22699,11764,34463
2020-08-07,23421,12363,35784
2020-08-08,9223,5279,14502
2020-08-09,5099,2404,7503
2020-08-10,21297,11456,32753
2020-08-11,22006,11601,33607
2020-08-12,22722,11803,34525
2020-08-13,22040,11537,33577
2020-08-14,21170,11416,32586
2020-08-15,8253,4884,13137
2020-08-16,5778,2700,8478
2020-08-17,7353,4542,11895
2020-08-18,19585,10114,29699
2020-08-19,18883,9756,28639
2020-08-20,17746,9324,27070
2020-08-21,17491,9184,26675
2020-08-22,5447,3275,8722
2020-08-23,2909,1343,4252
2020-08-24,17348,9046,26394
2020-08-25,17260,9115,26375
2020-08-26,17033,8936,25969
2020-08-27,16198,8751,24949
2020-08-28,16938,9031,25969
2020-08-29,4832,2847,7679
2020-08-30,2277,1187,3464
2020-08-31,15946,8520,24466
2020-09-01,15791,8479,24270
2020-09-02,15439,8197,23636
2020-09-03,15367,8400,23767
2020-09-04,15810,8545,24355
2020-09-05,4964,2965,7929
2020-09-06,2573,1254,3827
2020-09-07,15929,8673,24602
2020-09-08,16745,8948,25693
2020-09-09,16629,8899,25528
2020-09-10,16343,8871,25214
2020-09-11,16420,8894,25314
2020-09-12,5416,3327,8743
2020-09-13,2988,1516,4504
2020-09-14,17921,9403,27324
2020-09-15,18058,9633,27691
2020-09-16,18206,9554,27760
2020-09-17,18522,9657,28179
2020-09-18,18939,10219,29158
2020-09-19,7258,4272,11530
2020-09-20,3688,1905,5593
2020-09-21,18706,10037,28743
2020-09-22,19022,10124,29146
2020-09-23,19484,10317,29801
2020-09-24,19678,10297,29975
2020-09-25,20348,10964,31312
2020-09-26,7976,4669,12645
2020-09-27,4331,2115,6446
2020-09-28,19594,10363,29957
2020-09-29,18781,9902,28683
2020-09-30,3278,1791,5069
2020-10-01,2124,979,3103
2020-10-02,3764,1956,5720
2020-10-03,5145,2831,7976
2020-10-04,3844,1844,5688
2020-10-05,19380,10111,29491
2020-10-06,20022,10366,30388
2020-10-07,20500,10648,31148
2020-10-08,21218,11300,32518
2020-10-09,8051,4634,12685
2020-10-10,7837,4639,12476
2020-10-11,4735,2175,6910
2020-10-12,20499,10653,31152
2020-10-13,21043,10968,32011
2020-10-14,21263,11058,32321
2020-10-15,21202,10854,32056
2020-10-16,21818,11629,33447
2020-10-17,9199,5418,14617
2020-10-18,5387,2584,7971
2020-10-19,20571,10886,31457
2020-10-20,21229,11208,32437
2020-10-21,21417,11077,32494
2020-10-22,21888,11311,33199
2020-10-23,22442,12097,34539
2020-10-24,9812,5708,15520
2020-10-25,6062,2750,8812
2020-10-26,20988,11046,32034
2020-10-27,21557,11313,32870
2020-10-28,21959,11456,33415
2020-10-29,21978,11572,33550
2020-10-30,22119,12141,34260
2020-10-31,10352,5980,16332
2020-11-01,5657,2595,8252
2020-11-02,21136,11097,32233
2020-11-03,21662,11281,32943
2020-11-04,22100,11368,33468
2020-11-05,22085,11373,33458
2020-11-06,22931,11790,34721
2020-11-07,10367,5777,16144
2020-11-08,6429,2955,9384
2020-11-09,21555,10992,32547
2020-11-10,22096,11425,33521
2020-11-11,22467,11618,34085
2020-11-12,22355,11760,34115
2020-11-13,23098,12287,35385
2020-11-14,10422,5888,16310
2020-11-15,6586,3003,9589
2020-11-16,21391,10990,32381
2020-11-17,21625,11056,32681
2020-11-18,21832,11302,33134
2020-11-19,20743,11043,31786
2020-11-20,21393,11547,32940
2020-11-21,8825,5158,13983
2020-11-22,5315,2514,7829
2020-11-23,19747,10529,30276
2020-11-24,18975,10085,29060
2020-11-25,19329,10161,29490
2020-11-26,18772,9864,28636
2020-11-27,18334,9757,28091
2020-11-28,6290,3666,9956
2020-11-29,3936,1755,5691
2020-11-30,18273,9739,28012
2020-12-01,18234,9731,27965
2020-12-02,18131,9487,27618
2020-12-03,18074,9445,27519
2020-12-04,18100,9629,27729
2020-12-05,6288,3615,9903
2020-12-06,4062,1749,5811
2020-12-07,17818,9213,27031
2020-12-08,17515,9207,26722
2020-12-09,17141,9060,26201
2020-12-10,17116,8958,26074
2020-12-11,16963,8911,25874
2020-12-12,5395,3260,8655
2020-12-13,2869,1481,4350
2020-12-14,16063,8546,24609
2020-12-15,16051,8587,24638
2020-12-16,16128,8496,24624
2020-12-17,16222,8574,24796
2020-12-18,16310,8747,25057
2020-12-19,5039,3098,8137
2020-12-20,2699,1341,4040
2020-12-21,16270,8707,24977
2020-12-22,16550,8818,25368
2020-12-23,16788,8855,25643
2020-12-24,16094,8607,24701
2020-12-25,4065,2141,6206
2020-12-26,4191,2588,6779
2020-12-27,2757,1362,4119
2020-12-28,16027,8506,24533
2020-12-29,16283,8522,24805
2020-12-30,15981,8634,24615
2020-12-31,14581,7902,22483
2021-01-01,2105,1009,3114
2021-01-02,3671,2103,5774
2021-01-03,2471,1163,3634
2021-01-04,17253,9129,26382
2021-01-05,17397,9119,26516
2021-01-06,17118,8999,26117
2021-01-07,17859,9908,27767
2021-01-08,17040,9054,26094
2021-01-09,5208,3198,8406
2021-01-10,2991,1390,4381
2021-01-11,17586,9462,27048
2021-01-12,17984,9496,27480
2021-01-13,18385,9862,28247
2021-01-14,18079,9492,27571
2021-01-15,17776,9408,27184
2021-01-16,6093,3556,9649
2021-01-17,3253,1590,4843
2021-01-18,18412,9837,28249
2021-01-19,18365,9511,27876
2021-01-20,19076,9849,28925
2021-01-21,18776,9803,28579
2021-01-22,18498,9911,28409
2021-01-23,6941,4085,11026
2021-01-24,4180,1915,6095
2021-01-25,19086,9891,28977
2021-01-26,18929,9896,28825
2021-01-27,19317,10120,29437
2021-01-28,19211,10024,29235
2021-01-29,18925,10093,29018
2021-01-30,7192,4129,11321
2021-01-31,4542,1991,6533
2021-02-01,19363,9876,29239
2021-02-02,19409,10104,29513
2021-02-03,19761,10183,29944
2021-02-04,20073,10495,30568
2021-02-05,20058,10286,30344
2021-02-06,7828,4224,12052
2021-02-07,4894,2158,7052
2021-02-08,19704,10294,29998
2021-02-09,19755,10194,29949
2021-02-10,18122,9393,27515
2021-02-11,3335,1614,4949
2021-02-12,2074,948,3022
2021-02-13,4435,2172,6607
2021-02-14,4621,1977,6598
2021-02-15,18819,9927,28746
2021-02-16,19995,10531,30526
2021-02-17,20188,10369,30557
2021-02-18,20426,10499,30925
2021-02-19,20922,10825,31747
2021-02-20,8529,4803,13332
2021-02-21,5643,2344,7987
2021-02-22,20329,10523,30852
2021-02-23,20467,10568,31035
2021-02-24,20817,10766,31583
2021-02-25,20619,10745,31364
2021-02-26,20879,10966,31845
2021-02-27,9162,5077,14239
2021-02-28,6622,2935,9557
2021-03-01,4386,2436,6822
2021-03-02,19971,10350,30321
2021-03-03,20669,10807,31476
2021-03-04,20824,10875,31699
2021-03-05,21764,11205,32969
2021-03-06,9209,5193,14402
2021-03-07,5867,2517,8384
2021-03-08,20218,10736,30954
2021-03-09,20690,10609,31299
2021-03-10,21258,10992,32250
2021-03-11,20937,10868,31805
2021-03-12,21291,11205,32496
2021-03-13,9469,5361,14830
2021-03-14,6019,2631,8650
2021-03-15,20106,10687,30793
2021-03-16,20761,10868,31629
2021-03-17,21063,11107,32170
2021-03-18,21034,10856,31890
2021-03-19,21652,11478,33130
2021-03-20,9017,4920,13937
2021-03-21,6047,2643,8690
2021-03-22,20259,10667,30926
2021-03-23,20997,10960,31957
2021-03-24,21255,10931,32186
2021-03-25,21214,11086,32300
2021-03-26,21999,11484,33483
2021-03-27,8804,4789,13593
2021-03-28,5560,2406,7966
2021-03-29,20299,10553,30852
2021-03-30,21035,10812,31847
2021-03-31,21297,10977,32274
2021-04-01,21065,10795,31860
2021-04-02,21632,11284,32916
2021-04-03,8054,4490,12544
2021-04-04,5905,2589,8494
2021-04-05,20553,10587,31140
2021-04-06,21028,10824,31852
2021-04-07,20745,10708,31453
2021-04-08,21004,10660,31664
2021-04-09,21594,11366,32960
2021-04-10,9305,5057,14362
2021-04-11,5864,2571,8435
2021-04-12,19804,10212,30016
2021-04-13,20787,10660,31447
2021-04-14,21241,10870,32111
2021-04-15,20902,10746,31648
2021-04-16,20851,10861,31712
2021-04-17,9049,4812,13861
2021-04-18,5687,2639,8326
2021-04-19,20508,10507,31015
2021-04-20,20978,10746,31724
2021-04-21,21494,10903,32397
2021-04-22,21307,10881,32188
2021-04-23,21501,11178,32679
2021-04-24,9855,5294,15149
2021-04-25,6122,2593,8715
2021-04-26,20610,10541,31151
2021-04-27,21091,10753,31844
2021-04-28,22043,11018,33061
2021-04-29,22260,11165,33425
2021-04-30,22627,11632,34259
2021-05-01,9131,4792,13923
2021-05-02,6455,2788,9243
2021-05-03,21029,10758,31787
2021-05-04,21470,10739,32209
2021-05-05,7995,3962,11957
2021-05-06,21170,10607,31777
2021-05-07,21153,10753,31906
2021-05-08,7680,4039,11719
2021-05-09,6283,2674,8957
2021-05-10,20741,10574,31315
2021-05-11,21803,11040,32843
2021-05-12,22002,10995,32997
2021-05-13,22194,10872,33066
2021-05-14,22970,11632,34602
2021-05-15,9595,5092,14687
2021-05-16,5256,2316,7572
2021-05-17,20704,10445,31149
2021-05-18,22938,11752,34690
2021-05-19,8314,4696,13010
2021-05-20,21093,10630,31723
2021-05-21,21749,11145,32894
2021-05-22,11050,5880,16930
2021-05-23,6647,2848,9495
2021-05-24,21267,10844,32111
2021-05-25,21890,11099,32989
2021-05-26,22245,11042,33287
2021-05-27,21526,10974,32500
2021-05-28,22341,11335,33676
2021-05-29,10407,5570,15977
2021-05-30,6625,2873,9498
2021-05-31,21026,10586,31612
2021-06-01,21649,11009,32658
2021-06-02,22134,11235,33369
2021-06-03,20946,10553,31499
2021-06-04,22395,11452,33847
2021-06-05,10703,5909,16612
2021-06-06,6535,2826,9361
2021-06-07,20432,10356,30788
2021-06-08,21406,10820,32226
2021-06-09,21584,10863,32447
2021-06-10,20963,10498,31461
2021-06-11,21450,11014,32464
2021-06-12,10473,5628,16101
2021-06-13,6590,2752,9342
2021-06-14,21051,10592,31643
2021-06-15,21637,10802,32439
2021-06-16,21900,11186,33086
2021-06-17,22002,10881,32883
2021-06-18,22823,11441,34264
2021-06-19,11415,6131,17546
2021-06-20,6976,2945,9921
2021-06-21,22454,11181,33635
2021-06-22,22391,11210,33601
2021-06-23,22704,11254,33958
2021-06-24,22945,11496,34441
2021-06-25,24202,11960,36162
2021-06-26,11370,5666,17036
2021-06-27,7323,3071,10394
2021-06-28,21744,11038,32782
2021-06-29,22524,11171,33695
2021-06-30,22674,11411,34085
2021-07-01,22951,11321,34272
2021-07-02,23931,11801,35732
2021-07-03,10338,6088,16426
2021-07-04,5993,2378,8371
2021-07-05,22105,10868,32973
2021-07-06,22461,11181,33642
2021-07-07,21920,10664,32584
2021-07-08,21064,10422,31486
2021-07-09,20902,10284,31186
2021-07-10,7373,3939,11312
2021-07-11,5010,2055,7065
2021-07-12,18491,9313,27804
2021-07-13,18153,9196,27349
2021-07-14,18183,9162,27345
2021-07-15,17924,8893,26817
2021-07-16,17479,9133,26612
2021-07-17,6625,3516,10141
2021-07-18,3870,1644,5514
2021-07-19,17726,9019,26745
2021-07-20,18310,9346,27656
2021-07-21,18005,9194,27199
2021-07-22,17824,9148,26972
2021-07-23,18150,9234,27384
2021-07-24,6481,3622,10103
2021-07-25,3965,1806,5771
2021-07-26,18203,9134,27337
2021-07-27,18237,9237,27474
2021-07-28,18063,9120,27183
2021-07-29,17904,9022,26926
2021-07-30,18100,9303,27403
2021-07-31,6366,3448,9814
2021-08-01,4004,1735,5739
2021-08-02,16725,7608,24333
2021-08-03,16732,7841,24573
2021-08-04,17520,8269,25789
2021-08-05,18182,9213,27395
2021-08-06,18005,9095,27100
2021-08-07,7149,3852,11001
2021-08-08,4310,1910,6220
2021-08-09,18593,9339,27932
2021-08-10,18925,9729,28654
2021-08-11,18979,9539,28518
2021-08-12,18617,9279,27896
2021-08-13,18402,9184,27586
2021-08-14,7344,3958,11302
2021-08-15,5252,2332,7584
2021-08-16,7005,4125,11130
2021-08-17,18797,9360,28157
2021-08-18,19055,9489,28544
2021-08-19,19162,9530,28692
2021-08-20,18975,9466,28441
2021-08-21,6979,3750,10729
2021-08-22,5408,2264,7672
2021-08-23,18857,9608,28465
2021-08-24,18869,9503,28372
2021-08-25,19915,9742,29657
2021-08-26,19410,9654,29064
2021-08-27,19028,9445,28473
2021-08-28,8310,4457,12767
2021-08-29,5459,2372,7831
2021-08-30,19549,9777,29326
2021-08-31,19275,9639,28914
2021-09-01,19707,9731,29438
2021-09-02,19414,9643,29057
2021-09-03,19961,9946,29907
2021-09-04,8679,4680,13359
2021-09-05,5774,2479,8253
2021-09-06,19291,9610,28901
2021-09-07,19057,9468,28525
2021-09-08,20102,10034,30136
2021-09-09,19523,9632,29155
2021-09-10,19953,9910,29863
2021-09-11,9292,4926,14218
2021-09-12,6188,2558,8746
2021-09-13,19667,9953,29620
2021-09-14,20106,10063,30169
2021-09-15,20550,10170,30720
2021-09-16,20001,10107,30108
2021-09-17,19739,9857,29596
2021-09-18,7439,4115,11554
2021-09-19,5283,2184,7467
2021-09-20,3472,1583,5055
2021-09-21,2504,1192,3696
2021-09-22,4772,2333,7105
2021-09-23,17981,9147,27128
2021-09-24,19773,10093,29866
2021-09-25,8748,4673,13421
2021-09-26,5747,2474,8221
2021-09-27,19739,9896,29635
2021-09-28,19862,9873,29735
2021-09-29,19945,9972,29917
2021-09-30,20103,10099,30202
2021-10-01,20761,10366,31127
2021-10-02,9235,4997,14232
2021-10-03,6839,3037,9876
2021-10-04,6943,3904,10847
2021-10-05,19920,10088,30008
2021-10-06,20597,10289,30886
2021-10-07,20216,10105,30321
2021-10-08,20440,10157,30597
2021-10-09,8921,4603,13524
2021-10-10,6474,2732,9206
2021-10-11,7719,4189,11908
2021-10-12,20289,10255,30544
2021-10-13,20771,10332,31103
2021-10-14,20287,10248,30535
2021-10-15,20883,10592,31475
2021-10-16,9682,5143,14825
2021-10-17,6007,2627,8634
2021-10-18,20352,10021,30373
2021-10-19,20403,10227,30630
2021-10-20,21763,10754,32517
2021-10-21,21255,10439,31694
2021-10-22,21226,10948,32174
2021-10-23,10265,5561,15826
2021-10-24,6916,2985,9901
2021-10-25,20944,10428,31372
2021-10-26,21298,10732,32030
2021-10-27,21894,10886,32780
2021-10-28,21507,10721,32228
2021-10-29,22291,11342,33633
2021-10-30,11035,5946,16981
2021-10-31,7614,3219,10833
2021-11-01,21600,10495,32095
2021-11-02,22053,10848,32901
2021-11-03,22556,10956,33512
2021-11-04,22616,11010,33626
2021-11-05,23584,11854,35438
2021-11-06,11787,6225,18012
2021-11-07,7688,3200,10888
2021-11-08,21206,10650,31856
2021-11-09,22133,10892,33025
2021-11-10,23115,11545,34660
2021-11-11,22946,11458,34404
2021-11-12,24040,11924,35964
2021-11-13,15088,6677,21765
2021-11-14,7762,3209,10971
2021-11-15,21835,10871,32706
2021-11-16,22601,11433,34034
2021-11-17,23250,11586,34836
2021-11-18,22892,11057,33949
2021-11-19,23862,11935,35797
2021-11-20,12099,6076,18175
2021-11-21,8068,3208,11276
2021-11-22,21992,10966,32958
2021-11-23,22649,11238,33887
2021-11-24,23166,11375,34541
2021-11-25,23005,11384,34389
2021-11-26,24107,11978,36085
2021-11-27,11877,5794,17671
2021-11-28,7817,3076,10893
2021-11-29,21901,10815,32716
2021-11-30,21837,11011,32848
2021-12-01,22642,11032,33674
2021-12-02,22441,10968,33409
2021-12-03,23692,11710,35402
2021-12-04,10831,5467,16298
2021-12-05,7179,2954,10133
2021-12-06,21246,10576,31822
2021-12-07,22141,10838,32979
2021-12-08,22058,10753,32811
2021-12-09,21905,10775,32680
2021-12-10,22408,11128,33536
2021-12-11,10463,5224,15687
2021-12-12,7170,2898,10068
2021-12-13,20895,10378,31273
2021-12-14,21731,10660,32391
2021-12-15,21946,10652,32598
2021-12-16,22079,10661,32740
2021-12-17,22476,11005,33481
2021-12-18,9747,4820,14567
2021-12-19,7346,2946,10292
2021-12-20,21368,10611,31979
2021-12-21,22307,10707,33014
2021-12-22,22755,11048,33803
2021-12-23,22663,11115,33778
2021-12-24,22689,11070,33759
2021-12-25,10889,4848,15737
2021-12-26,6653,2674,9327
2021-12-27,20080,10032,30112
2021-12-28,21548,10599,32147
2021-12-29,21885,10949,32834
2021-12-30,21594,10520,32114
2021-12-31,19446,9790,29236
2022-01-01,5290,2163,7453
2022-01-02,6183,2382,8565
2022-01-03,21158,10299,31457
2022-01-04,21874,10496,32370
2022-01-05,22245,10601,32846
2022-01-06,21925,10701,32626
2022-01-07,21980,10954,32934
2022-01-08,9819,4880,14699
2022-01-09,6971,2812,9783
2022-01-10,21833,10565,32398
2022-01-11,22165,10879,33044
2022-01-12,22200,10942,33142
2022-01-13,22352,10826,33178
2022-01-14,22689,11099,33788
2022-01-15,10075,5130,15205
2022-01-16,7333,2919,10252
2022-01-17,21977,10772,32749
2022-01-18,22339,10936,33275
2022-01-19,23256,11277,34533
2022-01-20,22762,11230,33992
2022-01-21,22942,11290,34232
2022-01-22,10307,5258,15565
2022-01-23,7098,2743,9841
2022-01-24,21988,10694,32682
2022-01-25,22384,11182,33566
2022-01-26,22454,10948,33402
2022-01-27,21941,10698,32639
2022-01-28,20681,10284,30965
2022-01-29,7155,3596,10751
2022-01-30,5802,2206,8008
2022-01-31,3165,1461,4626
2022-02-01,2514,1083,3597
2022-02-02,4419,2043,6462
2022-02-03,18737,9366,28103
2022-02-04,20000,9876,29876
2022-02-05,8394,4255,12649
2022-02-06,6047,2393,8440
2022-02-07,20454,10056,30510
2022-02-08,20651,10095,30746
2022-02-09,20907,10289,31196
2022-02-10,20503,10102,30605
2022-02-11,20617,10351,30968
2022-02-12,9066,4626,13692
2022-02-13,6524,2458,8982
2022-02-14,20494,9959,30453
2022-02-15,20331,10098,30429
2022-02-16,20329,9924,30253
2022-02-17,19960,9595,29555
2022-02-18,20103,9836,29939
2022-02-19,8758,4588,13346
2022-02-20,6362,2553,8915
2022-02-21,19800,9806,29606
2022-02-22,19772,9689,29461
2022-02-23,20086,9704,29790
2022-02-24,19682,9520,29202
2022-02-25,20221,9830,30051
2022-02-26,8175,4325,12500
2022-02-27,6568,2673,9241
2022-02-28,18524,9115,27639
2022-03-01,6227,3227,9454
2022-03-02,19486,9602,29088
2022-03-03,19285,9408,28693
2022-03-04,19781,9658,29439
2022-03-05,8887,4466,13353
2022-03-06,6112,2248,8360
2022-03-07,19096,9322,28418
2022-03-08,20182,9921,30103
2022-03-09,6838,3537,10375
2022-03-10,19140,9134,28274
2022-03-11,19913,9861,29774
2022-03-12,9191,4541,13732
2022-03-13,5653,2134,7787
2022-03-14,18315,9055,27370
2022-03-15,18661,9220,27881
2022-03-16,19196,9403,28599
2022-03-17,18570,9045,27615
2022-03-18,19677,9603,29280
2022-03-19,8634,4223,12857
2022-03-20,6319,2600,8919
2022-03-21,19052,9152,28204
2022-03-22,19004,9245,28249
2022-03-23,19472,9349,28821
2022-03-24,19856,9691,29547
2022-03-25,20409,9821,30230
2022-03-26,9547,4617,14164
2022-03-27,6849,2681,9530
2022-03-28,19824,9469,29293
2022-03-29,20364,9808,30172
2022-03-30,20483,9710,30193
2022-03-31,20253,9810,30063
2022-04-01,22050,10645,32695
2022-04-02,10637,5320,15957
2022-04-03,7015,2837,9852
2022-04-04,20378,9848,30226
2022-04-05,20909,10011,30920
2022-04-06,21608,10227,31835
2022-04-07,21311,10196,31507
2022-04-08,22557,10919,33476
2022-04-09,11432,5606,17038
2022-04-10,8002,3060,11062
2022-04-11,21438,10346,31784
2022-04-12,21689,10542,32231
2022-04-13,22207,10579,32786
2022-04-14,22314,10551,32865
2022-04-15,23799,11645,35444
2022-04-16,11802,5821,17623
2022-04-17,8673,3329,12002
2022-04-18,21740,10441,32181
2022-04-19,22602,10819,33421
2022-04-20,23281,11162,34443
2022-04-21,21736,9703,31439
2022-04-22,24013,10884,34897
2022-04-23,12946,6446,19392
2022-04-24,8564,3426,11990
2022-04-25,22558,10638,33196
2022-04-26,23692,11209,34901
2022-04-27,24866,11724,36590
2022-04-28,24526,11633,36159
2022-04-29,26665,12699,39364
2022-04-30,15600,7480,23080
2022-05-01,9993,3908,13901
2022-05-02,23660,11219,34879
2022-05-03,24590,11532,36122
2022-05-04,27291,13040,40331
2022-05-05,10798,5307,16105
2022-05-06,23426,11160,34586
2022-05-07,11975,5785,17760
2022-05-08,7233,2895,10128
2022-05-09,23723,11319,35042
2022-05-10,24337,11711,36048
2022-05-11,25244,12067,37311
2022-05-12,25054,11820,36874
2022-05-13,27323,12952,40275
2022-05-14,14912,7452,22364
2022-05-15,9994,4141,14135
2022-05-16,24159,11529,35688
2022-05-17,24910,11812,36722
2022-05-18,25128,11870,36998
2022-05-19,24560,11726,36286
2022-05-20,26942,13004,39946
2022-05-21,14932,7448,22380
2022-05-22,9685,3832,13517
2022-05-23,23712,11394,35106
2022-05-24,24516,12001,36517
2022-05-25,25153,11706,36859
2022-05-26,25529,11938,37467
2022-05-27,27083,13034,40117
2022-05-28,14358,7248,21606
2022-05-29,9141,3741,12882
2022-05-30,23720,11245,34965
2022-05-31,26167,12869,39036
2022-06-01,9312,4827,14139
2022-06-02,24206,11460,35666
2022-06-03,25645,12424,38069
2022-06-04,12949,6546,19495
2022-06-05,10584,4296,14880
2022-06-06,7093,3636,10729
2022-06-07,24243,11428,35671
2022-06-08,25327,11776,37103
2022-06-09,25589,12104,37693
2022-06-10,26694,12697,39391
2022-06-11,13283,6637,19920
2022-06-12,8988,3523,12511
2022-06-13,24462,11340,35802
2022-06-14,24719,11510,36229
2022-06-15,25303,12207,37510
2022-06-16,25433,12006,37439
2022-06-17,27081,12884,39965
2022-06-18,13606,6490,20096
2022-06-19,9100,3572,12672
2022-06-20,24619,11577,36196
2022-06-21,25668,11766,37434
2022-06-22,26265,12344,38609
2022-06-23,24837,11475,36312
2022-06-24,27119,12701,39820
2022-06-25,13647,6724,20371
2022-06-26,8771,3469,12240
2022-06-27,24403,11184,35587
2022-06-28,24909,11258,36167
2022-06-29,25146,11650,36796
2022-06-30,24602,11666,36268
2022-07-01,26330,12463,38793
2022-07-02,13449,6776,20225
2022-07-03,9272,3590,12862
2022-07-04,24920,11542,36462
2022-07-05,25413,11616,37029
2022-07-06,25795,11951,37746
2022-07-07,25210,11569,36779
2022-07-08,26494,12130,38624
2022-07-09,12351,5834,18185
2022-07-10,8849,3351,12200
2022-07-11,24503,11143,35646
2022-07-12,25182,11617,36799
2022-07-13,24691,11506,36197
2022-07-14,26070,11930,38000
2022-07-15,26921,12441,39362
2022-07-16,12818,6146,18964
2022-07-17,9044,3505,12549
2022-07-18,24578,11223,35801
2022-07-19,25190,11625,36815
2022-07-20,25872,11813,37685
2022-07-21,25421,11742,37163
2022-07-22,25744,11978,37722
2022-07-23,11441,5403,16844
2022-07-24,8795,3325,12120
2022-07-25,24678,11155,35833
2022-07-26,25032,11433,36465
2022-07-27,25558,11588,37146
2022-07-28,25036,11128,36164
2022-07-29,25754,11712,37466
2022-07-30,10913,5055,15968
2022-07-31,8359,3073,11432
2022-08-01,22902,9645,32547
2022-08-02,23049,9553,32602
2022-08-03,23705,10169,33874
2022-08-04,24341,10835,35176
2022-08-05,24510,11444,35954
2022-08-06,10198,4748,14946
2022-08-07,8246,2955,11201
2022-08-08,23028,10650,33678
2022-08-09,21800,10244,32044
2022-08-10,24425,11171,35596
2022-08-11,24061,11128,35189
2022-08-12,24610,11563,36173
2022-08-13,9974,4679,14653
2022-08-14,9312,3618,12930
2022-08-15,7045,3266,10311
2022-08-16,23540,10858,34398
2022-08-17,24723,11210,35933
2022-08-18,24792,11246,36038
2022-08-19,24827,11544,36371
2022-08-20,11689,5633,17322
2022-08-21,8738,3371,12109
2022-08-22,23944,10895,34839
2022-08-23,24798,11234,36032
2022-08-24,25399,11315,36714
2022-08-25,25173,11279,36452
2022-08-26,26183,11963,38146
2022-08-27,12398,6282,18680
2022-08-28,9501,3607,13108
2022-08-29,24370,11243,35613
2022-08-30,24575,11363,35938
2022-08-31,25600,11720,37320
2022-09-01,26489,11990,38479
2022-09-02,27179,12504,39683
2022-09-03,13473,6224,19697
2022-09-04,8422,3087,11509
2022-09-05,23368,10845,34213
2022-09-06,23808,11091,34899
2022-09-07,26438,12120,38558
2022-09-08,24485,11313,35798
2022-09-09,6411,2632,9043
2022-09-10,4956,2033,6989
2022-09-11,8571,3423,11994
2022-09-12,6836,2988,9824
2022-09-13,22800,10553,33353
2022-09-14,25475,11767,37242
2022-09-15,25963,11666,37629
2022-09-16,27734,12190,39924
2022-09-17,14048,6589,20637
2022-09-18,9986,3781,13767
2022-09-19,25144,11531,36675
2022-09-20,25630,11619,37249
2022-09-21,26297,12014,38311
2022-09-22,25757,11945,37702
2022-09-23,27706,12684,40390
2022-09-24,14606,7106,21712
2022-09-25,10848,4123,14971
2022-09-26,24674,11340,36014
2022-09-27,25581,11597,37178
2022-09-28,26204,11990,38194
2022-09-29,26021,11846,37867
2022-09-30,27299,12797,40096
2022-10-01,13810,6860,20670
2022-10-02,11439,4594,16033
2022-10-03,7352,3461,10813
2022-10-04,25146,11549,36695
2022-10-05,26195,11946,38141
2022-10-06,26001,12010,38011
2022-10-07,27926,12928,40854
2022-10-08,14767,7015,21782
2022-10-09,11299,4647,15946
2022-10-10,8453,3851,12304
2022-10-11,25786,11680,37466
2022-10-12,27246,12265,39511
2022-10-13,26956,12096,39052
2022-10-14,28342,13010,41352
2022-10-15,14059,6882,20941
2022-10-16,10351,3912,14263
2022-10-17,25929,11905,37834
2022-10-18,26339,11893,38232
2022-10-19,26496,12608,39104
2022-10-20,26915,12185,39100
2022-10-21,27599,12855,40454
2022-10-22,14749,7837,22586
2022-10-23,9968,4199,14167
2022-10-24,24711,11581,36292
2022-10-25,25422,12083,37505
2022-10-26,26759,12400,39159
2022-10-27,26410,12481,38891
2022-10-28,27314,13350,40664
2022-10-29,14842,8311,23153
2022-10-30,10892,4226,15118
2022-10-31,25491,11646,37137
2022-11-01,26069,11617,37686
2022-11-02,26653,12089,38742
2022-11-03,26476,11897,38373
2022-11-04,27690,12837,40527
2022-11-05,13987,6765,20752
2022-11-06,10602,4362,14964
2022-11-07,25723,11494,37217
2022-11-08,26051,12007,38058
2022-11-09,26868,12358,39226
2022-11-10,26693,12428,39121
2022-11-11,27717,13188,40905
2022-11-12,15137,7572,22709
2022-11-13,10077,4011,14088
2022-11-14,25213,11660,36873
2022-11-15,25968,11712,37680
2022-11-16,26519,11736,38255
2022-11-17,25897,11950,37847
2022-11-18,27418,12628,40046
2022-11-19,14930,7242,22172
2022-11-20,10897,4192,15089
2022-11-21,25114,11620,36734
2022-11-22,25920,11716,37636
2022-11-23,26622,12102,38724
2022-11-24,26262,12041,38303
2022-11-25,27789,12817,40606
2022-11-26,14647,6913,21560
2022-11-27,10486,3726,14212
2022-11-28,24617,11205,35822
2022-11-29,25969,11907,37876
2022-11-30,26197,13340,39537
2022-12-01,25500,11662,37162
2022-12-02,27157,12678,39835
2022-12-03,13805,6463,20268
2022-12-04,9945,3746,13691
2022-12-05,24996,11711,36707
2022-12-06,25991,12149,38140
2022-12-07,26717,12262,38979
2022-12-08,27122,12438,39560
2022-12-09,28738,13020,41758
2022-12-10,14645,7102,21747
2022-12-11,10690,4079,14769
2022-12-12,26197,11883,38080
2022-12-13,26942,12470,39412
2022-12-14,26778,12411,39189
2022-12-15,27356,12931,40287
2022-12-16,27951,13411,41362
2022-12-17,15584,7207,22791
2022-12-18,10442,3873,14315
2022-12-19,25784,11833,37617
2022-12-20,27284,12659,39943
2022-12-21,28977,13475,42452
2022-12-22,28365,13214,41579
2022-12-23,28309,10218,38527
2022-12-24,14150,6246,20396
2022-12-25,13846,4953,18799
2022-12-26,25204,11822,37026
2022-12-27,26678,12067,38745
2022-12-28,27262,12543,39805
2022-12-29,27442,12354,39796
2022-12-30,25982,12111,38093
2022-12-31,11679,5202,16881
2023-01-01,9216,3189,12405
2023-01-02,24802,11328,36130
2023-01-03,26345,11660,38005
2023-01-04,26877,12110,38987
2023-01-05,26449,12098,38547
2023-01-06,27143,12916,40059
2023-01-07,12642,6133,18775
2023-01-08,9891,3732,13623
2023-01-09,26007,11938,37945
2023-01-10,26607,12349,38956
2023-01-11,26894,12520,39414
2023-01-12,27125,12625,39750
2023-01-13,28072,13435,41507
2023-01-14,12512,6422,18934
2023-01-15,9702,3948,13650
2023-01-16,25668,12310,37978
2023-01-17,26329,12495,38824
2023-01-18,26891,12884,39775
2023-01-19,26167,12594,38761
2023-01-20,24219,11742,35961
2023-01-21,5654,2581,8235
2023-01-22,5489,2129,7618
2023-01-23,6322,2897,9219
2023-01-24,5549,2559,8108
2023-01-25,23051,10930,33981
2023-01-26,26846,12914,39760
2023-01-27,27649,13530,41179
2023-01-28,12504,6517,19021
2023-01-29,10046,4091,14137
2023-01-30,26140,12594,38734
2023-01-31,26063,12493,38556
2023-02-01,26799,12750,39549
2023-02-02,26616,12716,39332
2023-02-03,27925,13550,41475
2023-02-04,12448,6995,19443
2023-02-05,9861,4032,13893
2023-02-06,25643,12235,37878
2023-02-07,25865,12424,38289
2023-02-08,26915,12989,39904
2023-02-09,26801,12999,39800
2023-02-10,27737,13757,41494
2023-02-11,13329,7061,20390
2023-02-12,10105,4277,14382
2023-02-13,25575,12443,38018
2023-02-14,26589,12820,39409
2023-02-15,26950,13265,40215
2023-02-16,26902,13028,39930
2023-02-17,28123,13709,41832
2023-02-18,12666,6864,19530
2023-02-19,10168,4502,14670
2023-02-20,25398,12595,37993
2023-02-21,25887,12744,38631
2023-02-22,26665,13005,39670
2023-02-23,26970,13250,40220
2023-02-24,28095,13592,41687
2023-02-25,13447,7256,20703
2023-02-26,10425,4551,14976
2023-02-27,25839,12522,38361
2023-02-28,27921,13846,41767
2023-03-01,9609,5029,14638
2023-03-02,25625,12273,37898
2023-03-03,27621,13167,40788
2023-03-04,12796,6841,19637
2023-03-05,10017,4147,14164
2023-03-06,25704,12280,37984
2023-03-07,26285,12747,39032
2023-03-08,27267,12743,40010
2023-03-09,27046,12827,39873
2023-03-10,28508,13669,42177
2023-03-11,14392,7210,21602
2023-03-12,9795,4066,13861
2023-03-13,25693,12499,38192
2023-03-14,26316,12714,39030
2023-03-15,27046,13009,40055
2023-03-16,27199,13057,40256
2023-03-17,28605,13679,42284
2023-03-18,14857,7764,22621
2023-03-19,11503,4733,16236
2023-03-20,26074,12656,38730
2023-03-21,26605,12815,39420
2023-03-22,26871,13063,39934
2023-03-23,27569,13252,40821
2023-03-24,28384,13781,42165
2023-03-25,15248,8179,23427
2023-03-26,11322,4867,16189
2023-03-27,26324,12968,39292
2023-03-28,27063,12777,39840
2023-03-29,27460,13055,40515
2023-03-30,27502,13296,40798
2023-03-31,29303,14153,43456
2023-04-01,14253,7241,21494
2023-04-02,11481,4689,16170
2023-04-03,26666,12823,39489
2023-04-04,26929,12891,39820
2023-04-05,27231,12970,40201
2023-04-06,27786,13567,41353
2023-04-07,29319,14281,43600
2023-04-08,14795,7583,22378
2023-04-09,11928,5164,17092
2023-04-10,26541,12696,39237
2023-04-11,26371,12478,38849
2023-04-12,28129,13595,41724
2023-04-13,27654,13360,41014
2023-04-14,28441,13659,42100
2023-04-15,14152,7225,21377
2023-04-16,10774,4699,15473
2023-04-17,26301,12834,39135
2023-04-18,26195,12761,38956
2023-04-19,27692,13517,41209
2023-04-20,26820,12970,39790
2023-04-21,28567,13990,42557
2023-04-22,15010,7369,22379
2023-04-23,10798,4506,15304
2023-04-24,25712,12252,37964
2023-04-25,26239,12708,38947
2023-04-26,27676,13367,41043
2023-04-27,28403,13669,42072
2023-04-28,30362,14740,45102
2023-04-29,13980,6862,20842
2023-04-30,13894,5900,19794
2023-05-01,12704,6979,19683
2023-05-02,27120,13082,40202
2023-05-03,27944,13077,41021
2023-05-04,27676,12832,40508
2023-05-05,9569,4904,14473
2023-05-06,11192,5748,16940
2023-05-07,10307,4363,14670
2023-05-08,24462,12394,36856
2023-05-09,26801,13312,40113
2023-05-10,27723,13280,41003
2023-05-11,27411,13290,40701
2023-05-12,29067,14483,43550
2023-05-13,15718,8212,23930
2023-05-14,11816,5025,16841
2023-05-15,26098,12793,38891
2023-05-16,27449,13362,40811
2023-05-17,28494,13763,42257
2023-05-18,27395,13292,40687
2023-05-19,29590,14610,44200
2023-05-20,17632,9730,27362
2023-05-21,11809,5513,17322
2023-05-22,26345,12772,39117
2023-05-23,26952,13068,40020
2023-05-24,27968,13463,41431
2023-05-25,27240,13317,40557
2023-05-26,28971,14070,43041
2023-05-27,11903,6349,18252
2023-05-28,11243,5172,16415
2023-05-29,9446,5105,14551
2023-05-30,26053,12857,38910
2023-05-31,28174,13923,42097
2023-06-01,26489,12914,39403
2023-06-02,28045,14115,42160
2023-06-03,14244,7606,21850
2023-06-04,11329,5052,16381
2023-06-05,23908,12152,36060
2023-06-06,8754,4632,13386
2023-06-07,26615,12771,39386
2023-06-08,26151,13282,39433
2023-06-09,28461,14041,42502
2023-06-10,13439,7242,20681
2023-06-11,9984,4622,14606
2023-06-12,25709,12718,38427
2023-06-13,27298,13203,40501
2023-06-14,27776,13336,41112
2023-06-15,27656,13509,41165
2023-06-16,29691,14538,44229
2023-06-17,15560,8068,23628
2023-06-18,11648,5054,16702
2023-06-19,26114,12793,38907
2023-06-20,26672,13070,39742
2023-06-21,27605,13515,41120
2023-06-22,28162,13781,41943
2023-06-23,29598,14654,44252
2023-06-24,16036,7968,24004
2023-06-25,11550,4892,16442
2023-06-26,25912,12636,38548
2023-06-27,27877,13258,41135
2023-06-28,28287,13579,41866
2023-06-29,26630,12795,39425
2023-06-30,28996,14375,43371
