사용일자,1호선,3호선,5호선,합계
2019-01-01,15762,7120,10662,33544
2019-01-02,33645,15232,17017,65894
2019-01-03,35959,16015,18095,70069
2019-01-04,38605,17121,19760,75486
2019-01-05,33937,14471,19920,68328
2019-01-06,19100,8168,11558,38826
2019-01-07,36525,15640,17568,69733
2019-01-08,36928,15976,17651,70555
2019-01-09,35115,15186,17379,67680
2019-01-10,37168,15731,18230,71129
2019-01-11,38967,16872,19769,75608
2019-01-12,37184,15189,19996,72369
2019-01-13,20328,8605,11354,40287
2019-01-14,34449,15677,16623,66749
2019-01-15,35496,15988,17059,68543
2019-01-16,35569,16292,17839,69700
2019-01-17,37381,16709,18404,72494
2019-01-18,39344,17999,20309,77652
2019-01-19,36827,15308,20578,72713
2019-01-20,20108,9068,12390,41566
2019-01-21,34946,15933,17278,68157
2019-01-22,35922,16044,18275,70241
2019-01-23,36201,16267,18686,71154
2019-01-24,36455,16680,18565,71700
2019-01-25,38756,18038,20106,76900
2019-01-26,36335,16024,20907,73266
2019-01-27,20703,9200,12318,42221
2019-01-28,34119,16170,17600,67889
2019-01-29,34120,16210,17423,67753
2019-01-30,35879,16573,17523,69975
2019-01-31,35050,15980,16852,67882
2019-02-01,35826,16604,17879,70309
2019-02-02,28472,11152,15844,55468
2019-02-03,14343,5737,8247,28327
2019-02-04,15061,6122,9725,30908
2019-02-05,11464,5005,7522,23991
2019-02-06,19985,8127,12142,40254
2019-02-07,33918,15814,16950,66682
2019-02-08,36032,16632,18408,71072
2019-02-09,34903,14418,18534,67855
2019-02-10,19810,8383,11229,39422
2019-02-11,35797,15976,17395,69168
2019-02-12,36540,16348,17930,70818
2019-02-13,36018,16257,18217,70492
2019-02-14,36870,16652,18243,71765
2019-02-15,36560,17797,19240,73597
2019-02-16,38049,16016,20634,74699
2019-02-17,21256,9050,12344,42650
2019-02-18,35103,16148,17514,68765
2019-02-19,32638,15782,16817,65237
2019-02-20,36514,16813,18138,71465
2019-02-21,37420,16853,18579,72852
2019-02-22,39227,18093,20146,77466
2019-02-23,40205,16090,21090,77385
2019-02-24,23112,9478,13267,45857
2019-02-25,35291,16649,18089,70029
2019-02-26,35702,16972,18582,71256
2019-02-27,35598,17326,18715,71639
2019-02-28,38833,18462,20699,77994
2019-03-01,38116,15709,23199,77024
2019-03-02,32306,13784,18387,64477
2019-03-03,19933,7674,10880,38487
2019-03-04,32642,14648,15227,62517
2019-03-05,31963,14378,15084,61425
2019-03-06,32577,15172,15839,63588
2019-03-07,35063,15866,17098,68027
2019-03-08,38219,17376,19014,74609
2019-03-09,39732,15242,20605,75579
2019-03-10,21062,8496,11449,41007
2019-03-11,33972,15098,16348,65418
2019-03-12,33235,15100,16180,64515
2019-03-13,34394,15432,16897,66723
2019-03-14,34690,15565,16521,66776
2019-03-15,36279,16207,18327,70813
2019-03-16,37897,14934,19332,72163
2019-03-17,22771,8839,12469,44079
2019-03-18,33944,15330,16335,65609
2019-03-19,34594,15481,16686,66761
2019-03-20,33181,14986,16207,64374
2019-03-21,35323,15507,17111,67941
2019-03-22,37404,17209,18879,73492
2019-03-23,35222,13494,17445,66161
2019-03-24,20975,8513,11848,41336
2019-03-25,33074,15097,15628,63799
2019-03-26,34871,15147,16735,66753
2019-03-27,34217,15735,16619,66571
2019-03-28,35608,15654,17151,68413
2019-03-29,36537,16958,18629,72124
2019-03-30,33630,12953,16596,63179
2019-03-31,19843,7666,10238,37747
2019-04-01,32570,14810,15739,63119
2019-04-02,33957,15227,16137,65321
2019-04-03,34278,15535,16846,66659
2019-04-04,34773,15756,16910,67439
2019-04-05,35944,16566,18519,71029
2019-04-06,31918,12809,17002,61729
2019-04-07,20843,7965,11549,40357
2019-04-08,33639,14819,15952,64410
2019-04-09,32257,14710,15881,62848
2019-04-10,32187,15194,16369,63750
2019-04-11,35179,15705,17355,68239
2019-04-12,36712,17147,19178,73037
2019-04-13,36573,14378,19804,70755
2019-04-14,18208,6696,9566,34470
2019-04-15,33794,14649,16582,65025
2019-04-16,34451,15458,16555,66464
2019-04-17,34723,15778,17026,67527
2019-04-18,34255,15547,15870,65672
2019-04-19,37183,16750,18905,72838
2019-04-20,36560,13879,18996,69435
2019-04-21,20282,7719,11015,39016
2019-04-22,33337,15360,16025,64722
2019-04-23,33162,15290,15736,64188
2019-04-24,33825,16274,16476,66575
2019-04-25,32909,15697,15948,64554
2019-04-26,36350,17228,17997,71575
2019-04-27,38421,15220,20019,73660
2019-04-28,21784,8900,11446,42130
2019-04-29,32687,15560,16331,64578
2019-04-30,35721,17318,18667,71706
2019-05-01,34964,16176,18038,69178
2019-05-02,35796,16893,17928,70617
2019-05-03,37688,18197,19766,75651
2019-05-04,39732,15598,21124,76454
2019-05-05,24846,10307,16249,51402
2019-05-06,24669,8807,15161,48637
2019-05-07,33960,15055,16149,65164
2019-05-08,33043,14382,16100,63525
2019-05-09,35371,15220,17097,67688
2019-05-10,38452,16739,19647,74838
2019-05-11,35776,13603,19950,69329
2019-05-12,20944,7928,12333,41205
2019-05-13,33373,14907,15996,64276
2019-05-14,34803,15132,16892,66827
2019-05-15,35436,15723,17507,68666
2019-05-16,35335,15647,17145,68127
2019-05-17,37946,16885,19357,74188
2019-05-18,36162,14045,19762,69969
2019-05-19,18188,6738,9450,34376
2019-05-20,34254,15303,16754,66311
2019-05-21,35098,15201,17002,67301
2019-05-22,34420,15790,17363,67573
2019-05-23,35606,15874,16893,68373
2019-05-24,37443,17606,18500,73549
2019-05-25,37095,14411,18889,70395
2019-05-26,21450,8062,11219,40731
2019-05-27,30843,14479,14479,59801
2019-05-28,34638,15401,16338,66377
2019-05-29,34146,15752,16688,66586
2019-05-30,33508,15672,16508,65688
2019-05-31,35488,17075,17563,70126
2019-06-01,36135,14547,18126,68808
2019-06-02,20512,7901,10057,38470
2019-06-03,33532,15192,15657,64381
2019-06-04,33516,15478,15824,64818
2019-06-05,36157,16562,18193,70912
2019-06-06,27392,10845,14103,52340
2019-06-07,34103,16263,17234,67600
2019-06-08,34191,13315,17223,64729
2019-06-09,18835,6746,9184,34765
2019-06-10,33234,14907,15021,63162
2019-06-11,34055,15358,16041,65454
2019-06-12,33639,15390,16487,65516
2019-06-13,34943,15600,16576,67119
2019-06-14,36842,16954,18212,72008
2019-06-15,35209,13544,17356,66109
2019-06-16,19608,7334,10202,37144
2019-06-17,33589,15261,15898,64748
2019-06-18,32916,15333,15719,63968
2019-06-19,33749,15675,16796,66220
2019-06-20,35794,16064,17112,68970
2019-06-21,37027,16965,18355,72347
2019-06-22,35191,13809,18093,67093
2019-06-23,20404,8046,10674,39124
2019-06-24,33485,15754,16181,65420
2019-06-25,34062,16055,16765,66882
2019-06-26,34192,16158,16643,66993
2019-06-27,34622,15905,16610,67137
2019-06-28,36653,17067,18283,72003
2019-06-29,33861,12321,16323,62505
2019-06-30,19608,7590,10594,37792
2019-07-01,32751,15183,15759,63693
2019-07-02,32108,15735,15893,63736
2019-07-03,37647,15978,18019,71644
2019-07-04,36791,16177,17876,70844
2019-07-05,38555,17102,18516,74173
2019-07-06,31137,12944,16342,60423
2019-07-07,18933,7357,9604,35894
2019-07-08,36188,15325,16615,68128
2019-07-09,36168,15572,17189,68929
2019-07-10,37184,15458,16942,69584
2019-07-11,36666,14943,16967,68576
2019-07-12,38915,16484,18901,74300
2019-07-13,33153,13072,17030,63255
2019-07-14,19727,8011,10849,38587
2019-07-15,35756,15523,16376,67655
2019-07-16,36276,15752,16944,68972
2019-07-17,36817,16232,17000,70049
2019-07-18,36702,16375,17380,70457
2019-07-19,38628,17383,18281,74292
2019-07-20,31249,12160,15333,58742
2019-07-21,18400,7123,9463,34986
2019-07-22,35460,15785,16606,67851
2019-07-23,34841,15883,16597,67321
2019-07-24,34656,15935,16478,67069
2019-07-25,34562,15563,16246,66371
2019-07-26,32472,15582,15741,63795
2019-07-27,31388,11512,15251,58151
2019-07-28,16518,6271,8494,31283
2019-07-29,33537,16012,16804,66353
2019-07-30,32768,16134,16645,65547
2019-07-31,25204,10527,13399,49130
2019-08-01,29381,10993,15644,56018
2019-08-02,30035,11218,16452,57705
2019-08-03,26515,10445,14097,51057
2019-08-04,16898,6661,9232,32791
2019-08-05,33041,15241,15837,64119
2019-08-06,32688,15147,16159,63994
2019-08-07,33763,15347,16167,65277
2019-08-08,35051,16092,16611,67754
2019-08-09,35870,16874,17820,70564
2019-08-10,28579,11740,14642,54961
2019-08-11,17681,7088,9611,34380
2019-08-12,32276,15061,15418,62755
2019-08-13,34870,16302,16956,68128
2019-08-14,35352,16786,18021,70159
2019-08-15,27885,9419,13924,51228
2019-08-16,34840,15619,17750,68209
2019-08-17,31119,11362,15856,58337
2019-08-18,19254,6659,10156,36069
2019-08-19,34429,15626,16098,66153
2019-08-20,34329,15729,16509,66567
2019-08-21,34739,15657,17033,67429
2019-08-22,34313,16020,17429,67762
2019-08-23,36331,17055,18568,71954
2019-08-24,34467,12793,17668,64928
2019-08-25,19272,7491,10832,37595
2019-08-26,32870,15567,16313,64750
2019-08-27,33108,15718,16584,65410
2019-08-28,33282,15887,16896,66065
2019-08-29,31072,15162,15355,61589
2019-08-30,34282,17027,18027,69336
2019-08-31,32946,12792,17401,63139
2019-09-01,19064,7014,10101,36179
2019-09-02,32716,14616,15916,63248
2019-09-03,32661,15151,15718,63530
2019-09-04,30630,14421,15085,60136
2019-09-05,31204,14694,15061,60959
2019-09-06,34410,16069,17326,67805
2019-09-07,21269,7740,9787,38796
2019-09-08,19772,7057,10045,36874
2019-09-09,32925,14613,15280,62818
2019-09-10,31477,14356,14986,60819
2019-09-11,32022,13788,15036,60846
2019-09-12,15516,5964,8744,30224
2019-09-13,13946,6450,9443,29839
2019-09-14,21613,9034,13205,43852
2019-09-15,19062,6925,10263,36250
2019-09-16,33444,13883,15117,62444
2019-09-17,33903,15231,15800,64934
2019-09-18,34873,15324,17061,67258
2019-09-19,34930,15513,16680,67123
2019-09-20,37631,16993,18952,73576
2019-09-21,37861,14078,18289,70228
2019-09-22,18571,6927,9282,34780
2019-09-23,33784,15120,15814,64718
2019-09-24,33814,15341,16577,65732
2019-09-25,34400,15804,16732,66936
2019-09-26,35556,15511,16816,67883
2019-09-27,37208,16811,18303,72322
2019-09-28,36644,14107,18857,69608
2019-09-29,20961,7951,11475,40387
2019-09-30,32059,14876,15315,62250
2019-10-01,31728,14756,15550,62034
2019-10-02,33162,15619,16511,65292
2019-10-03,43112,14256,33416,90784
2019-10-04,35924,17384,19523,72831
2019-10-05,35573,13978,18769,68320
2019-10-06,21108,8042,10789,39939
2019-10-07,29805,13983,14383,58171
2019-10-08,37079,16188,17934,71201
2019-10-09,38066,12524,20230,70820
2019-10-10,33251,15047,16289,64587
2019-10-11,36126,16323,18408,70857
2019-10-12,33805,13028,17374,64207
2019-10-13,20382,7444,11045,38871
2019-10-14,32463,14705,15562,62730
2019-10-15,32752,14309,16124,63185
2019-10-16,32791,14857,16316,63964
2019-10-17,33588,14920,16557,65065
2019-10-18,36450,16807,18633,71890
2019-10-19,37521,13713,19062,70296
2019-10-20,20548,7263,11425,39236
2019-10-21,32183,14276,16354,62813
2019-10-22,33166,14230,16755,64151
2019-10-23,33250,15051,16372,64673
2019-10-24,34024,15245,16662,65931
2019-10-25,39436,17528,20258,77222
2019-10-26,38259,13741,19243,71243
2019-10-27,22025,8171,12094,42290
2019-10-28,31937,15102,15987,63026
2019-10-29,31992,15158,16151,63301
2019-10-30,33195,15647,17099,65941
2019-10-31,32863,15538,16604,65005
2019-11-01,34381,16722,18204,69307
2019-11-02,36579,14267,19285,70131
2019-11-03,21016,8022,11393,40431
2019-11-04,33659,15013,15701,64373
2019-11-05,33538,15071,16293,64902
2019-11-06,33943,14850,16491,65284
2019-11-07,34085,15251,16385,65721
2019-11-08,36817,16472,18348,71637
2019-11-09,35953,13901,18976,68830
2019-11-10,19898,7569,10765,38232
2019-11-11,32078,14651,15563,62292
2019-11-12,33373,14950,15965,64288
2019-11-13,30888,14460,15585,60933
2019-11-14,32086,14928,15826,62840
2019-11-15,32825,15855,16840,65520
2019-11-16,35868,13616,18346,67830
2019-11-17,16663,6340,8876,31879
2019-11-18,31486,14304,15467,61257
2019-11-19,32109,14486,15252,61847
2019-11-20,32649,14647,16233,63529
2019-11-21,32882,14893,16018,63793
2019-11-22,36324,16251,18354,70929
2019-11-23,36251,12422,18579,67252
2019-11-24,19318,6695,10240,36253
2019-11-25,31567,14398,15509,61474
2019-11-26,33155,14822,15793,63770
2019-11-27,33010,15407,16667,65084
2019-11-28,33514,15137,16487,65138
2019-11-29,36082,16571,18651,71304
2019-11-30,37191,13689,18287,69167
2019-12-01,17772,6479,8933,33184
2019-12-02,32405,14417,15237,62059
2019-12-03,32832,14552,15412,62796
2019-12-04,33498,14943,16038,64479
2019-12-05,33702,14837,16054,64593
2019-12-06,35437,15991,17301,68729
2019-12-07,36926,13626,18209,68761
2019-12-08,19859,7515,10891,38265
2019-12-09,33137,14563,15292,62992
2019-12-10,33993,14563,15706,64262
2019-12-11,34252,14886,16155,65293
2019-12-12,35434,15054,17307,67795
2019-12-13,38154,16650,19098,73902
2019-12-14,41201,14578,20243,76022
2019-12-15,21927,7958,11408,41293
2019-12-16,34443,15159,16887,66489
2019-12-17,33473,15499,16103,65075
2019-12-18,35475,16027,17606,69108
2019-12-19,36188,16182,17752,70122
2019-12-20,40376,17950,20352,78678
2019-12-21,39780,14880,19807,74467
2019-12-22,21801,8532,11987,42320
2019-12-23,35431,16698,17892,70021
2019-12-24,39988,18836,20335,79159
2019-12-25,28695,12915,17037,58647
2019-12-26,36164,17167,18424,71755
2019-12-27,38370,18118,19893,76381
2019-12-28,37948,14287,19213,71448
2019-12-29,20847,8183,11808,40838
2019-12-30,35791,17135,18620,71546
2019-12-31,33323,16730,17721,67774
2020-01-01,15108,6053,9303,30464
2020-01-02,34261,14862,16601,65724
2020-01-03,37568,16385,18960,72913
2020-01-04,33921,12359,17435,63715
2020-01-05,19316,6875,10162,36353
2020-01-06,34264,14579,16250,65093
2020-01-07,31628,14350,15282,61260
2020-01-08,35497,14895,16920,67312
2020-01-09,36550,15417,17424,69391
2020-01-10,38798,16182,19230,74210
2020-01-11,37276,13456,18754,69486
2020-01-12,20294,7534,11039,38867
2020-01-13,35017,15021,16612,66650
2020-01-14,35523,15095,16955,67573
2020-01-15,35616,15591,17570,68777
2020-01-16,36283,15826,17750,69859
2020-01-17,38933,16962,19477,75372
2020-01-18,36219,13111,18477,67807
2020-01-19,18846,7119,10381,36346
2020-01-20,35184,15507,16939,67630
2020-01-21,34317,15540,17102,66959
2020-01-22,34103,15242,16553,65898
2020-01-23,32722,14468,15670,62860
2020-01-24,13948,5179,7919,27046
2020-01-25,11879,5025,6872,23776
2020-01-26,17174,6728,10385,34287
2020-01-27,18898,6638,10080,35616
2020-01-28,30514,13732,14171,58417
2020-01-29,31775,14416,15276,61467
2020-01-30,31632,14247,15507,61386
2020-01-31,31611,14790,16114,62515
2020-02-01,24969,9262,12776,47007
2020-02-02,13381,5043,7166,25590
2020-02-03,28159,13269,13644,55072
2020-02-04,28059,13309,13771,55139
2020-02-05,26886,12823,13241,52950
2020-02-06,26964,12742,13315,53021
2020-02-07,29590,13701,14818,58109
2020-02-08,22850,8458,11656,42964
2020-02-09,13216,5047,7333,25596
2020-02-10,30038,13589,14000,57627
2020-02-11,30295,13628,14528,58451
2020-02-12,28431,13392,13640,55463
2020-02-13,31031,13884,14997,59912
2020-02-14,33489,14473,16762,64724
2020-02-15,27547,10229,13332,51108
2020-02-16,13843,5535,7408,26786
2020-02-17,28064,13548,13698,55310
2020-02-18,27716,13475,13620,54811
2020-02-19,29278,13408,13910,56596
2020-02-20,28576,13194,13282,55052
2020-02-21,25726,12765,12713,51204
2020-02-22,16260,6549,7948,30757
2020-02-23,8651,3464,4856,16971
2020-02-24,21654,11144,10247,43045
2020-02-25,19482,9653,9255,38390
2020-02-26,20446,9875,9628,39949
2020-02-27,19478,9519,9130,38127
2020-02-28,18968,9587,8985,37540
2020-02-29,11830,4230,5487,21547
2020-03-01,6361,2097,3365,11823
2020-03-02,17189,9120,8142,34451
2020-03-03,17068,9756,8126,34950
2020-03-04,16635,9801,8162,34598
2020-03-05,17177,9959,8303,35439
2020-03-06,18278,9927,8980,37185
2020-03-07,12567,5153,6148,23868
2020-03-08,7600,2953,3897,14450
2020-03-09,20538,10255,9196,39989
2020-03-10,18427,9918,8612,36957
2020-03-11,19992,9985,9182,39159
2020-03-12,19404,10041,8944,38389
2020-03-13,20299,9813,9256,39368
2020-03-14,13417,5375,6484,25276
2020-03-15,7624,3218,3920,14762
2020-03-16,20065,10019,9080,39164
2020-03-17,19406,10024,9045,38475
2020-03-18,20729,10308,9510,40547
2020-03-19,18801,9855,8600,37256
2020-03-20,22060,10386,10126,42572
2020-03-21,14926,5944,7094,27964
2020-03-22,8521,3156,4291,15968
2020-03-23,20177,10145,9102,39424
2020-03-24,20322,10238,9276,39836
2020-03-25,21114,10334,9756,41204
2020-03-26,20355,10204,9368,39927
2020-03-27,21854,10285,10204,42343
2020-03-28,15052,5228,7323,27603
2020-03-29,8871,3146,4283,16300
2020-03-30,20707,10266,9219,40192
2020-03-31,20290,10278,9384,39952
2020-04-01,20842,10328,9507,40677
2020-04-02,20514,10209,9422,40145
2020-04-03,22032,10202,10268,42502
2020-04-04,15291,5427,7113,27831
2020-04-05,8778,2996,4255,16029
2020-04-06,21053,10256,9156,40465
2020-04-07,21089,10389,9644,41122
2020-04-08,21413,10460,9516,41389
2020-04-09,21193,10361,9596,41150
2020-04-10,22586,10380,10497,43463
2020-04-11,15979,5549,7604,29132
2020-04-12,9306,3139,4452,16897
2020-04-13,22366,10459,9802,42627
2020-04-14,21991,10151,11498,43640
2020-04-15,15039,6364,7190,28593
2020-04-16,22167,10933,10266,43366
2020-04-17,21948,10402,10264,42614
2020-04-18,18311,6291,9460,34062
2020-04-19,9034,3130,4823,16987
2020-04-20,22444,10601,9983,43028
2020-04-21,22726,11112,10450,44288
2020-04-22,22413,11000,10812,44225
2020-04-23,22839,11257,10970,45066
2020-04-24,25366,11366,11956,48688
2020-04-25,19604,6875,10161,36640
2020-04-26,11769,4071,6079,21919
2020-04-27,24041,11293,10891,46225
2020-04-28,23869,11719,11207,46795
2020-04-29,25752,12752,13068,51572
2020-04-30,17090,6189,9638,32917
2020-05-01,20029,6749,10160,36938
2020-05-02,17832,6780,9641,34253
2020-05-03,11933,4324,6486,22743
2020-05-04,24861,11066,12031,47958
2020-05-05,14093,5130,8127,27350
2020-05-06,26078,12178,12238,50494
2020-05-07,26564,12023,12144,50731
2020-05-08,25429,11629,11589,48647
2020-05-09,16689,6091,7865,30645
2020-05-10,11965,3955,5925,21845
2020-05-11,24861,11400,11028,47289
2020-05-12,24254,11436,11119,46809
2020-05-13,24524,11570,11337,47431
2020-05-14,24089,11051,10748,45888
2020-05-15,22866,10482,10508,43856
2020-05-16,18212,6439,8508,33159
2020-05-17,11214,3896,5548,20658
2020-05-18,22841,11125,10294,44260
2020-05-19,23466,11304,10730,45500
2020-05-20,25744,11720,12018,49482
2020-05-21,25508,11691,11886,49085
2020-05-22,26125,11861,12573,50559
2020-05-23,21394,7139,10643,39176
2020-05-24,11569,4002,6057,21628
2020-05-25,25227,11714,11507,48448
2020-05-26,24711,11692,11561,47964
2020-05-27,25544,11876,12224,49644
2020-05-28,24788,11730,12031,48549
2020-05-29,25671,11787,12515,49973
2020-05-30,19684,6647,10072,36403
2020-05-31,10944,3893,5991,20828
2020-06-01,23520,11010,11673,46203
2020-06-02,22031,11106,10667,43804
2020-06-03,24829,11820,12012,48661
2020-06-04,24538,11536,11768,47842
2020-06-05,26072,11958,12836,50866
2020-06-06,17710,6189,9834,33733
2020-06-07,10780,3636,6043,20459
2020-06-08,23947,11296,10961,46204
2020-06-09,23823,11465,11328,46616
2020-06-10,23953,11483,11846,47282
2020-06-11,23991,11558,11663,47212
2020-06-12,25269,11696,12961,49926
2020-06-13,18847,6839,10224,35910
2020-06-14,10925,4195,6211,21331
2020-06-15,23834,11600,11322,46756
2020-06-16,24317,11661,11556,47534
2020-06-17,24178,11867,12003,48048
2020-06-18,24418,11885,11744,48047
2020-06-19,25781,12417,12848,51046
2020-06-20,19785,7096,10556,37437
2020-06-21,10918,4239,6237,21394
2020-06-22,23014,11750,10875,45639
2020-06-23,24085,11848,11452,47385
2020-06-24,21891,11454,10851,44196
2020-06-25,24375,11781,11770,47926
2020-06-26,25948,12444,13311,51703
2020-06-27,20414,7591,11316,39321
2020-06-28,11419,4631,6713,22763
2020-06-29,22812,11662,11171,45645
2020-06-30,22741,11817,11214,45772
2020-07-01,23583,12098,12330,48011
2020-07-02,24063,12173,12310,48546
2020-07-03,25084,12557,13372,51013
2020-07-04,20529,8062,11894,40485
2020-07-05,11665,4451,6999,23115
2020-07-06,26490,11995,12511,50996
2020-07-07,26429,12002,12776,51207
2020-07-08,26724,12452,13259,52435
2020-07-09,25902,12111,12605,50618
2020-07-10,27540,12633,13909,54082
2020-07-11,20937,7859,11658,40454
2020-07-12,11812,4768,6995,23575
2020-07-13,24113,11658,11368,47139
2020-07-14,27100,12419,13091,52610
2020-07-15,27557,12983,13703,54243
2020-07-16,27310,12792,13459,53561
2020-07-17,27660,13052,14629,55341
2020-07-18,21920,8690,11870,42480
2020-07-19,10491,4320,5807,20618
2020-07-20,25951,11989,12047,49987
2020-07-21,27321,12703,13278,53302
2020-07-22,25463,12678,12837,50978
2020-07-23,24938,12300,12352,49590
2020-07-24,28112,12909,14199,55220
2020-07-25,22601,8761,12422,43784
2020-07-26,12255,4970,7480,24705
2020-07-27,25471,12261,12363,50095
2020-07-28,26531,12060,13080,51671
2020-07-29,24284,12384,12747,49415
2020-07-30,26368,12941,13462,52771
2020-07-31,27198,13179,14529,54906
2020-08-01,17664,7015,9653,34332
2020-08-02,9590,3957,5422,18969
2020-08-03,18562,6564,9424,34550
2020-08-04,21552,7098,10746,39396
2020-08-05,20827,7090,11802,39719
2020-08-06,26065,12583,13157,51805
2020-08-07,29126,13441,14919,57486
2020-08-08,20810,8035,11498,40343
2020-08-09,9319,4040,5179,18538
2020-08-10,25917,12024,12438,50379
2020-08-11,25927,12391,12553,50871
2020-08-12,28074,13198,14221,55493
2020-08-13,27225,12914,13569,53708
2020-08-14,27304,12077,13751,53132
2020-08-15,20801,7531,11282,39614
2020-08-16,12155,4383,7213,23751
2020-08-17,19601,8282,8850,36733
2020-08-18,23354,11306,10557,45217
2020-08-19,18824,10278,9368,38470
2020-08-20,19253,9896,9096,38245
2020-08-21,18791,9609,8969,37369
2020-08-22,12237,4066,5504,21807
2020-08-23,7750,2356,3677,13783
2020-08-24,17758,9605,8364,35727
2020-08-25,18077,9691,8563,36331
2020-08-26,17283,9642,8359,35284
2020-08-27,16192,9058,7675,32925
2020-08-28,17944,9278,8682,35904
2020-08-29,11112,3485,5036,19633
2020-08-30,6714,2009,3128,11851
2020-08-31,16508,8646,7548,32702
2020-09-01,15702,8667,7402,31771
2020-09-02,14926,8525,7123,30574
2020-09-03,15543,8504,7168,31215
2020-09-04,17773,8792,8133,34698
2020-09-05,12058,3595,5352,21005
2020-09-06,7390,2072,3471,12933
2020-09-07,14582,8440,7027,30049
2020-09-08,18203,9193,8544,35940
2020-09-09,17220,9073,8123,34416
2020-09-10,17733,9435,8602,35770
2020-09-11,18132,9303,8748,36183
2020-09-12,12831,4074,6131,23036
2020-09-13,8497,2614,4285,15396
2020-09-14,19702,9979,9020,38701
2020-09-15,19976,10019,9571,39566
2020-09-16,19112,9944,9531,38587
2020-09-17,19706,10259,9897,39862
2020-09-18,21336,10601,10671,42608
2020-09-19,16166,6009,8618,30793
2020-09-20,9809,3556,5489,18854
2020-09-21,20461,10411,9704,40576
2020-09-22,20255,10639,10250,41144
2020-09-23,20693,10776,10595,42064
2020-09-24,20943,10891,10849,42683
2020-09-25,22559,11437,11726,45722
2020-09-26,17927,6568,10142,34637
2020-09-27,10594,3776,5954,20324
2020-09-28,21660,10879,10535,43074
2020-09-29,20862,10630,10877,42369
2020-09-30,8952,3116,5175,17243
2020-10-01,5659,2282,3726,11667
2020-10-02,9653,4036,6551,20240
2020-10-03,14149,5153,9158,28460
2020-10-04,9723,3578,5639,18940
2020-10-05,21710,10542,10166,42418
2020-10-06,21398,10791,10609,42798
2020-10-07,21588,11064,10919,43571
2020-10-08,23339,11886,12393,47618
2020-10-09,16694,6738,10137,33569
2020-10-10,17528,6673,10188,34389
2020-10-11,10858,3842,6424,21124
2020-10-12,22611,11083,10958,44652
2020-10-13,23306,11595,11623,46524
2020-10-14,23415,11621,11829,46865
2020-10-15,23688,11284,11850,46822
2020-10-16,24788,12494,13152,50434
2020-10-17,21193,8380,11959,41532
2020-10-18,11915,4330,6677,22922
2020-10-19,22572,11495,11167,45234
2020-10-20,23648,11893,11659,47200
2020-10-21,23640,11874,12035,47549
2020-10-22,23476,11904,11898,47278
2020-10-23,25699,12571,13429,51699
2020-10-24,21531,8737,11969,42237
2020-10-25,12452,4882,6974,24308
2020-10-26,23403,11667,11300,46370
2020-10-27,23508,12099,12047,47654
2020-10-28,23823,12258,12331,48412
2020-10-29,23706,12145,12187,48038
2020-10-30,25423,12893,13917,52233
2020-10-31,22024,8893,12403,43320
2020-11-01,11144,4576,6089,21809
2020-11-02,22790,11567,11316,45673
2020-11-03,23486,11887,11631,47004
2020-11-04,23832,11962,11958,47752
2020-11-05,24789,12142,12198,49129
2020-11-06,26191,12650,13565,52406
2020-11-07,22038,9218,12283,43539
2020-11-08,13099,5479,7403,25981
2020-11-09,23907,11681,11383,46971
2020-11-10,24545,12039,12217,48801
2020-11-11,25518,12450,12982,50950
2020-11-12,24954,12344,12683,49981
2020-11-13,26589,12552,14467,53608
2020-11-14,21890,8413,12022,42325
2020-11-15,12420,5121,6791,24332
2020-11-16,23429,11438,11584,46451
2020-11-17,23257,11820,11681,46758
2020-11-18,23115,11768,11621,46504
2020-11-19,21031,11153,10539,42723
2020-11-20,24193,11962,12426,48581
2020-11-21,18576,7137,9430,35143
2020-11-22,10050,4000,5511,19561
2020-11-23,21364,10892,10466,42722
2020-11-24,20327,10401,9600,40328
2020-11-25,21379,10614,10361,42354
2020-11-26,20713,10381,9670,40764
2020-11-27,20639,10028,9521,40188
2020-11-28,14240,4835,6575,25650
2020-11-29,8215,2803,4068,15086
2020-11-30,19424,9906,8965,38295
2020-12-01,19187,10033,9151,38371
2020-12-02,20204,10081,9506,39791
2020-12-03,19867,9961,9258,39086
2020-12-04,19840,9719,9057,38616
2020-12-05,13539,4426,6090,24055
2020-12-06,8025,2644,3684,14353
2020-12-07,18544,9246,8327,36117
2020-12-08,16598,9270,7864,33732
2020-12-09,16795,9118,7886,33799
2020-12-10,16695,9107,7702,33504
2020-12-11,17259,8965,7956,34180
2020-12-12,11455,3679,5025,20159
2020-12-13,6064,1975,2700,10739
2020-12-14,14536,8560,6772,29868
2020-12-15,14319,8630,6847,29796
2020-12-16,14500,8628,7072,30200
2020-12-17,15202,8689,7052,30943
2020-12-18,16494,8690,7530,32714
2020-12-19,10122,3510,4571,18203
2020-12-20,5937,1975,2789,10701
2020-12-21,16106,8908,7345,32359
2020-12-22,16372,8980,7535,32887
2020-12-23,16573,9061,7685,33319
2020-12-24,17287,9361,8120,34768
2020-12-25,8300,3055,4107,15462
2020-12-26,9684,3080,4163,16927
2020-12-27,6259,1866,2743,10868
2020-12-28,17061,8900,7576,33537
2020-12-29,16711,8924,7751,33386
2020-12-30,15478,8721,7306,31505
2020-12-31,15408,8504,7203,31115
2021-01-01,4910,1632,2665,9207
2021-01-02,8927,3036,4145,16108
2021-01-03,5928,1887,2903,10718
2021-01-04,16877,8819,7575,33271
2021-01-05,16275,8813,7816,32904
2021-01-06,15701,8894,7755,32350
2021-01-07,14660,8904,7295,30859
2021-01-08,14124,8192,7017,29333
2021-01-09,10443,3670,5296,19409
2021-01-10,6445,2168,3172,11785
2021-01-11,16350,8884,7655,32889
2021-01-12,16990,9184,8282,34456
2021-01-13,17760,9495,8694,35949
2021-01-14,18011,9274,8383,35668
2021-01-15,17902,9070,8570,35542
2021-01-16,13348,4511,6566,24425
2021-01-17,7474,2473,3718,13665
2021-01-18,17201,9482,8538,35221
2021-01-19,16901,9442,8513,34856
2021-01-20,19457,9912,9471,38840
2021-01-21,18420,9698,8901,37019
2021-01-22,19302,9698,9453,38453
2021-01-23,15552,5651,8186,29389
2021-01-24,9047,3270,5183,17500
2021-01-25,19737,9925,9457,39119
2021-01-26,18628,9878,9443,37949
2021-01-27,20393,10331,10077,40801
2021-01-28,17632,9933,9069,36634
2021-01-29,18067,9625,9286,36978
2021-01-30,15372,5632,8147,29151
2021-01-31,9334,3294,5083,17711
2021-02-01,20637,9947,9628,40212
2021-02-02,19569,10143,9649,39361
2021-02-03,20640,10454,10023,41117
2021-02-04,19569,10412,9940,39921
2021-02-05,21542,10417,10769,42728
2021-02-06,16988,6204,9049,32241
2021-02-07,9734,3546,5687,18967
2021-02-08,20602,10403,10040,41045
2021-02-09,20834,10556,10333,41723
2021-02-10,20327,10140,10172,40639
2021-02-11,8243,2970,5056,16269
2021-02-12,5296,2050,3487,10833
2021-02-13,11093,4529,7253,22875
2021-02-14,9277,3710,5637,18624
2021-02-15,20352,10308,9839,40499
2021-02-16,20109,10547,10148,40804
2021-02-17,19400,10504,10142,40046
2021-02-18,19753,10735,10252,40740
2021-02-19,22744,11181,11656,45581
2021-02-20,18618,7239,10905,36762
2021-02-21,11196,4676,6816,22688
2021-02-22,22024,10932,10856,43812
2021-02-23,21154,11042,11116,43312
2021-02-24,21919,11138,11542,44599
2021-02-25,21381,11018,11136,43535
2021-02-26,23193,11495,12371,47059
2021-02-27,19485,7357,11254,38096
2021-02-28,12440,5217,8440,26097
2021-03-01,10291,3580,5678,19549
2021-03-02,20844,10705,9955,41504
2021-03-03,21758,10733,10979,43470
2021-03-04,22122,10860,11122,44104
2021-03-05,23910,11496,12403,47809
2021-03-06,19762,7505,11417,38684
2021-03-07,11449,4522,6906,22877
2021-03-08,22224,10676,10611,43511
2021-03-09,22409,10987,11082,44478
2021-03-10,23349,11339,11568,46256
2021-03-11,22442,11437,11541,45420
2021-03-12,23330,11801,12341,47472
2021-03-13,20479,8040,11937,40456
2021-03-14,11811,4992,7434,24237
2021-03-15,22313,11060,10924,44297
2021-03-16,22185,11148,11359,44692
2021-03-17,23232,11379,11692,46303
2021-03-18,22922,11489,11676,46087
2021-03-19,24825,12212,13203,50240
2021-03-20,18297,7188,10200,35685
2021-03-21,11970,4840,7512,24322
2021-03-22,22226,11104,10946,44276
2021-03-23,22646,11486,11720,45852
2021-03-24,23384,11658,11820,46862
2021-03-25,23751,11717,12037,47505
2021-03-26,25110,12667,13461,51238
2021-03-27,18466,7011,10255,35732
2021-03-28,10778,4286,6609,21673
2021-03-29,21971,11019,10862,43852
2021-03-30,22398,11388,11750,45536
2021-03-31,23234,11529,11989,46752
2021-04-01,23189,11498,12045,46732
2021-04-02,24477,12157,13068,49702
2021-04-03,16029,6401,9263,31693
2021-04-04,11834,4402,7106,23342
2021-04-05,22883,11004,11155,45042
2021-04-06,22915,11304,11910,46129
2021-04-07,22962,11371,11813,46146
2021-04-08,22702,11360,11573,45635
2021-04-09,24058,12382,13008,49448
2021-04-10,20229,7700,12031,39960
2021-04-11,12123,4448,7220,23791
2021-04-12,20573,10623,10185,41381
2021-04-13,21997,11030,11204,44231
2021-04-14,22701,11192,11457,45350
2021-04-15,22755,11496,11545,45796
2021-04-16,22686,11372,11911,45969
2021-04-17,18567,7205,10756,36528
2021-04-18,11380,4269,6745,22394
2021-04-19,22138,11041,10789,43968
2021-04-20,22264,11081,11209,44554
2021-04-21,22883,11135,11531,45549
2021-04-22,22286,11376,11515,45177
2021-04-23,23446,11663,12616,47725
2021-04-24,19712,7283,11399,38394
2021-04-25,11586,4544,7027,23157
2021-04-26,22054,11013,10904,43971
2021-04-27,21591,10949,11357,43897
2021-04-28,22549,11330,11885,45764
2021-04-29,21873,11354,11628,44855
2021-04-30,22675,11682,12573,46930
2021-05-01,18406,7468,10915,36789
2021-05-02,11906,4901,7529,24336
2021-05-03,23374,11335,11658,46367
2021-05-04,21417,11162,11575,44154
2021-05-05,16886,6640,11052,34578
2021-05-06,23362,11877,12209,47448
2021-05-07,22546,11989,12369,46904
2021-05-08,15871,6238,9048,31157
2021-05-09,11660,4807,7549,24016
2021-05-10,21451,11037,10761,43249
2021-05-11,23881,11813,11943,47637
2021-05-12,23579,11583,12382,47544
2021-05-13,23680,11817,12407,47904
2021-05-14,24503,12360,13777,50640
2021-05-15,18816,7641,11221,37678
2021-05-16,8938,3709,5601,18248
2021-05-17,21442,11109,10912,43463
2021-05-18,24851,12524,13794,51169
2021-05-19,17450,7290,11868,36608
2021-05-20,22324,11518,11432,45274
2021-05-21,23938,12164,13016,49118
2021-05-22,20869,8046,12577,41492
2021-05-23,11892,4672,7574,24138
2021-05-24,22625,11308,11657,45590
2021-05-25,22348,11319,11516,45183
2021-05-26,23467,11668,12367,47502
2021-05-27,21096,11268,11218,43582
2021-05-28,22237,11693,12433,46363
2021-05-29,19671,7615,11527,38813
2021-05-30,11955,4769,7322,24046
2021-05-31,21493,10888,10821,43202
2021-06-01,21792,11173,11226,44191
2021-06-02,22614,11269,11759,45642
2021-06-03,21303,10792,11014,43109
2021-06-04,25130,11795,13281,50206
2021-06-05,20479,7999,12171,40649
2021-06-06,11591,4534,6909,23034
2021-06-07,21904,11148,10849,43901
2021-06-08,22201,11095,11369,44665
2021-06-09,21973,11266,11348,44587
2021-06-10,22066,11350,11483,44899
2021-06-11,23187,11567,12271,47025
2021-06-12,19176,7808,11409,38393
2021-06-13,10820,4393,6932,22145
2021-06-14,21835,11085,10969,43889
2021-06-15,21767,11162,11071,44000
2021-06-16,22893,11571,12102,46566
2021-06-17,22814,11423,12002,46239
2021-06-18,23012,12074,12894,47980
2021-06-19,20566,8154,12079,40799
2021-06-20,11470,4802,7604,23876
2021-06-21,22808,11652,11770,46230
2021-06-22,22985,11850,12147,46982
2021-06-23,23077,11805,12456,47338
2021-06-24,23825,11881,12888,48594
2021-06-25,25200,12497,14029,51726
2021-06-26,20297,7786,12460,40543
2021-06-27,12006,4734,7546,24286
2021-06-28,21955,11326,11709,44990
2021-06-29,22162,11599,11912,45673
2021-06-30,22187,11683,12078,45948
2021-07-01,22518,11729,12355,46602
2021-07-02,23214,12056,13341,48611
2021-07-03,17680,7246,9355,34281
2021-07-04,9895,3637,5779,19311
2021-07-05,25286,11090,12239,48615
2021-07-06,24561,11748,12677,48986
2021-07-07,24007,11435,11862,47304
2021-07-08,22637,11054,11258,44949
2021-07-09,22723,11231,11581,45535
2021-07-10,15707,5763,7883,29353
2021-07-11,8909,3369,4906,17184
2021-07-12,20413,10062,9324,39799
2021-07-13,19989,10007,9382,39378
2021-07-14,19546,9883,9315,38744
2021-07-15,19294,9856,9300,38450
2021-07-16,19900,10147,9613,39660
2021-07-17,14442,5046,7236,26724
2021-07-18,8494,3072,4618,16184
2021-07-19,19581,9896,9223,38700
2021-07-20,19943,9926,9400,39269
2021-07-21,19314,9862,9473,38649
2021-07-22,18819,9831,9241,37891
2021-07-23,19954,9918,9616,39488
2021-07-24,14142,4950,7391,26483
2021-07-25,8528,3135,4736,16399
2021-07-26,18946,9881,9279,38106
2021-07-27,19008,10010,9393,38411
2021-07-28,19356,10286,9581,39223
2021-07-29,17222,6774,8549,32545
2021-07-30,17132,6289,8856,32277
2021-07-31,13432,4670,7611,25713
2021-08-01,8604,3034,4954,16592
2021-08-02,15324,5026,7972,28322
2021-08-03,15426,5009,8261,28696
2021-08-04,16405,5244,8562,30211
2021-08-05,20146,10275,10086,40507
2021-08-06,20195,10376,10210,40781
2021-08-07,15198,5755,8481,29434
2021-08-08,9205,3498,5237,17940
2021-08-09,20865,10442,9914,41221
2021-08-10,20893,10462,10389,41744
2021-08-11,20405,10533,10137,41075
2021-08-12,20542,10439,10174,41155
2021-08-13,20877,10642,10589,42108
2021-08-14,17077,6092,8726,31895
2021-08-15,12000,4342,6919,23261
2021-08-16,17283,8316,8314,33913
2021-08-17,20796,10369,10053,41218
2021-08-18,20245,10386,10178,40809
2021-08-19,21130,10622,10278,42030
2021-08-20,21738,10722,10718,43178
2021-08-21,14197,5427,7546,27170
2021-08-22,10842,4141,6047,21030
2021-08-23,19823,10384,9569,39776
2021-08-24,19556,10290,9683,39529
2021-08-25,21226,10826,10419,42471
2021-08-26,21704,10730,10598,43032
2021-08-27,20880,10670,10516,42066
2021-08-28,18681,6623,9800,35104
2021-08-29,11088,3889,6329,21306
2021-08-30,21000,10555,10033,41588
2021-08-31,19124,10302,9586,39012
2021-09-01,20953,10399,10345,41697
2021-09-02,21316,10673,10383,42372
2021-09-03,22157,11186,11271,44614
2021-09-04,18399,7120,10629,36148
2021-09-05,11143,4339,6604,22086
2021-09-06,20605,10402,10053,41060
2021-09-07,19014,10081,9398,38493
2021-09-08,21980,10918,10989,43887
2021-09-09,21890,10807,10973,43670
2021-09-10,22600,11283,11727,45610
2021-09-11,18768,7249,11016,37033
2021-09-12,11431,4684,7019,23134
2021-09-13,21158,10726,10351,42235
2021-09-14,21741,10926,11125,43792
2021-09-15,21964,11142,11487,44593
2021-09-16,22010,11289,11305,44604
2021-09-17,22907,11470,11912,46289
2021-09-18,17183,6258,9797,33238
2021-09-19,10948,4056,6846,21850
2021-09-20,8784,3354,5745,17883
2021-09-21,5910,2631,4277,12818
2021-09-22,10223,4183,6998,21404
2021-09-23,20953,10697,10220,41870
2021-09-24,22435,11301,11619,45355
2021-09-25,18334,6840,10366,35540
2021-09-26,10934,4271,6670,21875
2021-09-27,21178,10615,10113,41906
2021-09-28,21288,10631,10438,42357
2021-09-29,19421,10666,9966,40053
2021-09-30,21888,11083,10849,43820
2021-10-01,22445,11863,11673,45981
2021-10-02,19652,7418,11367,38437
2021-10-03,12486,5387,8460,26333
2021-10-04,16211,8690,8557,33458
2021-10-05,21768,10933,10351,43052
2021-10-06,21005,10860,10644,42509
2021-10-07,21948,10913,10878,43739
2021-10-08,22391,11640,12096,46127
2021-10-09,19163,7591,11417,38171
2021-10-10,11467,4948,8104,24519
2021-10-11,18336,9271,9834,37441
2021-10-12,22281,10968,10805,44054
2021-10-13,22649,10926,11207,44782
2021-10-14,22616,11175,11372,45163
2021-10-15,23334,11337,12306,46977
2021-10-16,20260,7757,11825,39842
2021-10-17,11082,4459,6918,22459
2021-10-18,21086,10762,10467,42315
2021-10-19,21863,10980,10827,43670
2021-10-20,27008,11396,13505,51909
2021-10-21,22670,11424,11569,45663
2021-10-22,24135,12129,13002,49266
2021-10-23,21555,8448,12884,42887
2021-10-24,12196,4874,8069,25139
2021-10-25,22384,11016,11200,44600
2021-10-26,23018,11360,11667,46045
2021-10-27,22999,11481,12050,46530
2021-10-28,22696,11528,12113,46337
2021-10-29,24262,12014,13649,49925
2021-10-30,21596,8551,13835,43982
2021-10-31,13106,5425,8706,27237
2021-11-01,22213,11205,11236,44654
2021-11-02,22814,11405,12077,46296
2021-11-03,23669,11627,12666,47962
2021-11-04,23616,11564,12423,47603
2021-11-05,25529,12622,14663,52814
2021-11-06,23079,9423,14644,47146
2021-11-07,13450,5353,8803,27606
2021-11-08,20053,10666,10227,40946
2021-11-09,22188,11317,11174,44679
2021-11-10,23399,11695,12527,47621
2021-11-11,24087,11744,12943,48774
2021-11-12,25218,12431,14472,52121
2021-11-13,27226,10292,16855,54373
2021-11-14,13025,5021,8273,26319
2021-11-15,22974,11213,11678,45865
2021-11-16,23383,11561,12242,47186
2021-11-17,23317,11718,12663,47698
2021-11-18,23183,11489,12379,47051
2021-11-19,25459,12591,14212,52262
2021-11-20,22251,8578,13142,43971
2021-11-21,12279,5021,7671,24971
2021-11-22,21767,11139,11439,44345
2021-11-23,21997,11217,11743,44957
2021-11-24,21923,11381,12403,45707
2021-11-25,23486,11454,12494,47434
2021-11-26,24606,12245,14044,50895
2021-11-27,21929,8468,13259,43656
2021-11-28,12648,4869,7840,25357
2021-11-29,21712,11219,11619,44550
2021-11-30,19290,10686,10531,40507
2021-12-01,21750,11204,11848,44802
2021-12-02,21737,10985,11790,44512
2021-12-03,23562,11943,12966,48471
2021-12-04,20515,7549,12100,40164
2021-12-05,11530,4422,7112,23064
2021-12-06,21320,10792,10813,42925
2021-12-07,21795,10998,11245,44038
2021-12-08,21774,11022,11363,44159
2021-12-09,21378,10817,11297,43492
2021-12-10,22349,11625,12312,46286
2021-12-11,19606,7086,11246,37938
2021-12-12,10838,4287,7023,22148
2021-12-13,19797,10353,10224,40374
2021-12-14,20894,10630,10791,42315
2021-12-15,21315,11141,11345,43801
2021-12-16,21765,11093,11503,44361
2021-12-17,21559,12066,12515,46140
2021-12-18,16091,6872,9758,32721
2021-12-19,10022,4477,6450,20949
2021-12-20,21537,10980,10609,43126
2021-12-21,21736,11279,11461,44476
2021-12-22,21967,11565,11992,45524
2021-12-23,22758,11698,12134,46590
2021-12-24,22726,12512,13584,48822
2021-12-25,14395,7265,11140,32800
2021-12-26,8516,3942,5756,18214
2021-12-27,19724,10785,10650,41159
2021-12-28,21412,11415,11552,44379
2021-12-29,22146,11701,12091,45938
2021-12-30,22260,11706,12056,46022
2021-12-31,21035,11171,12009,44215
2022-01-01,9630,4181,6625,20436
2022-01-02,10036,3936,6228,20200
2022-01-03,21718,10182,10692,42592
2022-01-04,22267,10847,11225,44339
2022-01-05,22268,11197,11534,44999
2022-01-06,22827,11284,11781,45892
2022-01-07,23798,11907,12744,48449
2022-01-08,18898,7684,11421,38003
2022-01-09,11030,4578,7081,22689
2022-01-10,22972,11436,11332,45740
2022-01-11,21952,11363,11648,44963
2022-01-12,21411,11314,11651,44376
2022-01-13,21882,11367,11870,45119
2022-01-14,23082,11880,12705,47667
2022-01-15,19468,7692,11558,38718
2022-01-16,11091,4792,7461,23344
2022-01-17,22259,11330,11549,45138
2022-01-18,21806,11416,11981,45203
2022-01-19,21803,11623,12145,45571
2022-01-20,22768,11636,11971,46375
2022-01-21,24562,12153,13051,49766
2022-01-22,20115,7936,12108,40159
2022-01-23,11686,4843,7680,24209
2022-01-24,22725,11526,11798,46049
2022-01-25,22412,11486,11957,45855
2022-01-26,23461,11847,12335,47643
2022-01-27,22290,11563,11888,45741
2022-01-28,22454,11592,12203,46249
2022-01-29,15986,5985,9004,30975
2022-01-30,9841,3793,6262,19896
2022-01-31,7556,2776,4837,15169
2022-02-01,5363,2478,4035,11876
2022-02-02,9097,3746,6246,19089
2022-02-03,20138,10519,10135,40792
2022-02-04,22179,11381,11316,44876
2022-02-05,16424,6407,9524,32355
2022-02-06,9499,3857,5845,19201
2022-02-07,21276,10827,10673,42776
2022-02-08,21501,11047,10945,43493
2022-02-09,21924,11151,11069,44144
2022-02-10,21759,11284,11288,44331
2022-02-11,23043,11869,11939,46851
2022-02-12,18690,6884,10321,35895
2022-02-13,11007,4464,6937,22408
2022-02-14,21188,10952,10721,42861
2022-02-15,20516,11042,10422,41980
2022-02-16,19675,10630,10376,40681
2022-02-17,19944,10649,10243,40836
2022-02-18,22175,11301,11491,44967
2022-02-19,18508,6895,10410,35813
2022-02-20,9589,3904,6027,19520
2022-02-21,20250,10616,10344,41210
2022-02-22,20056,10743,10372,41171
2022-02-23,19509,10737,10553,40799
2022-02-24,20489,10929,10721,42139
2022-02-25,21836,11186,11859,44881
2022-02-26,17194,6588,9712,33494
2022-02-27,10969,4413,7037,22419
2022-02-28,21630,11156,11591,44377
2022-03-01,14533,5498,8635,28666
2022-03-02,19803,10484,10066,40353
2022-03-03,20259,10412,10413,41084
2022-03-04,20647,10831,11231,42709
2022-03-05,17189,6655,10406,34250
2022-03-06,10292,3922,6221,20435
2022-03-07,20146,10251,9984,40381
2022-03-08,21367,10776,11337,43480
2022-03-09,14513,5973,8611,29097
2022-03-10,20128,10386,10168,40682
2022-03-11,21631,11140,11205,43976
2022-03-12,17576,6969,10548,35093
2022-03-13,8862,3668,5458,17988
2022-03-14,18284,9855,9258,37397
2022-03-15,20370,10305,10044,40719
2022-03-16,20198,10278,10347,40823
2022-03-17,19739,10119,10148,40006
2022-03-18,20341,10708,11203,42252
2022-03-19,15486,6390,9510,31386
2022-03-20,10641,4292,6742,21675
2022-03-21,19631,10090,9895,39616
2022-03-22,19938,10407,10132,40477
2022-03-23,19443,10490,10339,40272
2022-03-24,19786,10380,10572,40738
2022-03-25,21496,11212,12268,44976
2022-03-26,17154,6740,10873,34767
2022-03-27,11911,4306,7732,23949
2022-03-28,20317,10178,10582,41077
2022-03-29,20418,10369,10854,41641
2022-03-30,19682,10270,10631,40583
2022-03-31,21049,10674,10946,42669
2022-04-01,22331,11774,12940,47045
2022-04-02,19713,8160,12845,40718
2022-04-03,11841,4890,7704,24435
2022-04-04,20757,10695,10716,42168
2022-04-05,21360,10858,11359,43577
2022-04-06,21607,11006,11651,44264
2022-04-07,22044,10949,11520,44513
2022-04-08,23356,11964,13769,49089
2022-04-09,20361,8018,13361,41740
2022-04-10,12561,4923,8531,26015
2022-04-11,21452,10951,11203,43606
2022-04-12,21619,11121,11257,43997
2022-04-13,22707,11122,11328,45157
2022-04-14,21759,11264,11864,44887
2022-04-15,24349,12415,13899,50663
2022-04-16,21699,8282,13449,43430
2022-04-17,13064,5092,7772,25928
2022-04-18,21690,11234,11488,44412
2022-04-19,22355,11503,11983,45841
2022-04-20,23016,11566,12359,46941
2022-04-21,23867,11769,13229,48865
2022-04-22,23825,12162,13816,49803
2022-04-23,22793,8900,13859,45552
2022-04-24,12957,5147,7896,26000
2022-04-25,22181,11239,11413,44833
2022-04-26,22982,11505,12551,47038
2022-04-27,23949,11879,13050,48878
2022-04-28,24207,12030,13259,49496
2022-04-29,25791,13247,15258,54296
2022-04-30,29355,11056,17258,57669
2022-05-01,15697,6200,9990,31887
2022-05-02,23165,11481,12612,47258
2022-05-03,24076,12001,13103,49180
2022-05-04,26215,13498,15745,55458
2022-05-05,19653,8267,13783,41703
2022-05-06,25720,13347,15563,54630
2022-05-07,20529,8632,12967,42128
2022-05-08,11781,4887,7431,24099
2022-05-09,24010,11755,12517,48282
2022-05-10,24331,12243,13077,49651
2022-05-11,24969,12284,13987,51240
2022-05-12,25395,12364,13967,51726
2022-05-13,27432,13747,16297,57476
2022-05-14,25944,10519,16171,52634
2022-05-15,14882,6321,9644,30847
2022-05-16,24377,11931,13032,49340
2022-05-17,24737,12232,13546,50515
2022-05-18,24083,12551,13747,50381
2022-05-19,25236,12532,14473,52241
2022-05-20,27749,14162,16758,58669
2022-05-21,25825,10902,16594,53321
2022-05-22,14882,6400,9726,31008
2022-05-23,23587,11928,12676,48191
2022-05-24,24481,12219,13070,49770
2022-05-25,24595,12344,13754,50693
2022-05-26,25240,12453,13981,51674
2022-05-27,27274,13738,15972,56984
2022-05-28,25267,10311,15953,51531
2022-05-29,14545,5677,8765,28987
2022-05-30,22892,11640,12251,46783
2022-05-31,25876,13380,14968,54224
2022-06-01,18271,8239,11081,37591
2022-06-02,24028,12137,12843,49008
2022-06-03,26557,13388,15060,55005
2022-06-04,23634,9785,14365,47784
2022-06-05,15425,6774,10718,32917
2022-06-06,15798,5900,9008,30706
2022-06-07,24553,11981,12732,49266
2022-06-08,24530,12103,13434,50067
2022-06-09,24955,12200,13299,50454
2022-06-10,26919,13651,15169,55739
2022-06-11,25353,10173,15009,50535
2022-06-12,14906,5844,8812,29562
2022-06-13,23891,11665,12601,48157
2022-06-14,24460,12130,13067,49657
2022-06-15,24609,12658,13299,50566
2022-06-16,25805,12516,13736,52057
2022-06-17,27365,13563,15879,56807
2022-06-18,25237,10350,15457,51044
2022-06-19,14477,5681,8516,28674
2022-06-20,24120,12067,12553,48740
2022-06-21,24735,12561,13651,50947
2022-06-22,25241,12652,14268,52161
2022-06-23,22423,11992,12652,47067
2022-06-24,27395,13516,15718,56629
2022-06-25,25331,9872,15240,50443
2022-06-26,13603,5351,8001,26955
2022-06-27,22491,11706,11926,46123
2022-06-28,22889,11724,12415,47028
2022-06-29,22601,11954,12626,47181
2022-06-30,20655,11598,11622,43875
2022-07-01,26092,13390,14831,54313
2022-07-02,23944,10154,14614,48712
2022-07-03,13302,5440,7962,26704
2022-07-04,24736,11924,12547,49207
2022-07-05,24600,12052,13186,49838
2022-07-06,25075,12405,13352,50832
2022-07-07,24293,12308,13011,49612
2022-07-08,27060,13310,15029,55399
2022-07-09,22485,9173,13305,44963
2022-07-10,12767,5612,8058,26437
2022-07-11,24204,11893,12406,48503
2022-07-12,24697,12355,13144,50196
2022-07-13,21122,11849,12011,44982
2022-07-14,25379,12371,13905,51655
2022-07-15,26574,13444,15332,55350
2022-07-16,22923,9600,13339,45862
2022-07-17,13043,5477,8242,26762
2022-07-18,24010,11980,12545,48535
2022-07-19,24237,12261,13081,49579
2022-07-20,24767,12538,13441,50746
2022-07-21,24492,12259,13226,49977
2022-07-22,26412,13083,14838,54333
2022-07-23,22632,8746,13139,44517
2022-07-24,13103,5330,7940,26373
2022-07-25,24172,12057,12614,48843
2022-07-26,23811,12321,13148,49280
2022-07-27,23841,12495,13346,49682
2022-07-28,23701,12545,13154,49400
2022-07-29,24498,13109,14307,51914
2022-07-30,19222,8063,11675,38960
2022-07-31,11444,5035,7207,23686
2022-08-01,18539,6779,10706,36024
2022-08-02,17958,6722,10724,35404
2022-08-03,19068,7252,10958,37278
2022-08-04,23869,12285,13198,49352
2022-08-05,24557,12866,13914,51337
2022-08-06,20031,7944,11585,39560
2022-08-07,12064,5063,7214,24341
2022-08-08,20913,11228,10558,42699
2022-08-09,18829,10660,10023,39512
2022-08-10,23458,12095,12687,48240
2022-08-11,23142,12021,12626,47789
2022-08-12,25653,13495,15239,54387
2022-08-13,19288,7819,11313,38420
2022-08-14,13721,6218,9678,29617
2022-08-15,15589,5581,9207,30377
2022-08-16,23847,12102,12584,48533
2022-08-17,23999,12014,12875,48888
2022-08-18,24437,12135,13361,49933
2022-08-19,24420,12818,13981,51219
2022-08-20,21905,8981,13280,44166
2022-08-21,12957,5358,8379,26694
2022-08-22,23195,11894,12165,47254
2022-08-23,23818,12012,12898,48728
2022-08-24,23712,12290,13685,49687
2022-08-25,23997,12332,13459,49788
2022-08-26,26427,13146,15079,54652
2022-08-27,24527,9584,15078,49189
2022-08-28,14418,5676,9130,29224
2022-08-29,22152,11811,11813,45776
2022-08-30,20692,11695,11796,44183
2022-08-31,23990,12387,13402,49779
2022-09-01,25170,12225,13272,50667
2022-09-02,26575,13397,15482,55454
2022-09-03,23999,10096,15849,49944
2022-09-04,12005,4818,7327,24150
2022-09-05,19028,10834,10077,39939
2022-09-06,22947,11693,12361,47001
2022-09-07,25539,12555,13372,51466
2022-09-08,24599,12495,13892,50986
2022-09-09,12200,5363,8399,25962
2022-09-10,10362,4509,7471,22342
2022-09-11,14523,6322,10368,31213
2022-09-12,15917,5996,10249,32162
2022-09-13,23694,11484,11576,46754
2022-09-14,24161,11913,12835,48909
2022-09-15,25161,12392,13375,50928
2022-09-16,27632,13724,15664,57020
2022-09-17,26089,10176,15969,52234
2022-09-18,15121,5857,9283,30261
2022-09-19,23860,12167,12772,48799
2022-09-20,25575,12311,13623,51509
2022-09-21,25355,12627,14007,51989
2022-09-22,25828,12631,14372,52831
2022-09-23,27730,13779,16503,58012
2022-09-24,27332,11053,17213,55598
2022-09-25,15680,6146,10070,31896
2022-09-26,24304,12076,13132,49512
2022-09-27,25286,12370,13623,51279
2022-09-28,25691,12560,14033,52284
2022-09-29,25533,12726,13944,52203
2022-09-30,27558,13765,16280,57603
2022-10-01,25549,10147,16239,51935
2022-10-02,16383,7305,12150,35838
2022-10-03,15667,5619,9208,30494
2022-10-04,24244,12002,12932,49178
2022-10-05,25508,12597,14349,52454
2022-10-06,26093,12217,14498,52808
2022-10-07,28011,13947,16467,58425
2022-10-08,27137,10941,18048,56126
2022-10-09,15045,6520,10800,32365
2022-10-10,18193,6421,10976,35590
2022-10-11,25047,12264,13310,50621
2022-10-12,25483,12655,14140,52278
2022-10-13,26095,12702,14336,53133
2022-10-14,27751,13851,16282,57884
2022-10-15,26285,10488,16460,53233
2022-10-16,15048,6009,9548,30605
2022-10-17,24912,12059,12715,49686
2022-10-18,24876,12326,13847,51049
2022-10-19,25444,12562,14104,52110
2022-10-20,26309,12984,14379,53672
2022-10-21,28140,13925,16938,59003
2022-10-22,28082,10829,17493,56404
2022-10-23,15964,6107,10338,32409
2022-10-24,24226,11888,12765,48879
2022-10-25,25194,12310,13694,51198
2022-10-26,25793,12778,14684,53255
2022-10-27,26220,12919,14708,53847
2022-10-28,28542,13995,17106,59643
2022-10-29,28323,11354,18422,58099
2022-10-30,15538,6235,10280,32053
2022-10-31,23684,12025,13036,48745
2022-11-01,24126,12265,13554,49945
2022-11-02,24962,12333,14080,51375
2022-11-03,24588,12334,14020,50942
2022-11-04,26993,13438,16238,56669
2022-11-05,25687,10261,16813,52761
2022-11-06,16268,6086,10354,32708
2022-11-07,23137,11148,12851,47136
2022-11-08,24743,11974,13636,50353
2022-11-09,25191,12498,13734,51423
2022-11-10,25584,12488,13250,51322
2022-11-11,28189,13580,16351,58120
2022-11-12,25107,9748,15727,50582
2022-11-13,14668,5661,9551,29880
2022-11-14,23616,11915,12671,48202
2022-11-15,24298,12057,13345,49700
2022-11-16,25112,12396,14141,51649
2022-11-17,25450,12543,14379,52372
2022-11-18,27523,13759,16508,57790
2022-11-19,26753,10329,16560,53642
2022-11-20,15258,5814,9911,30983
2022-11-21,23840,11802,12746,48388
2022-11-22,24108,11903,13256,49267
2022-11-23,24702,12399,13940,51041
2022-11-24,24905,12419,14011,51335
2022-11-25,27452,13690,16311,57453
2022-11-26,26796,10186,16740,53722
2022-11-27,15368,5877,9695,30940
2022-11-28,21649,11343,11834,44826
2022-11-29,23304,12193,12975,48472
2022-11-30,22636,12246,12894,47776
2022-12-01,22222,11658,13048,46928
2022-12-02,25613,13273,15220,54106
2022-12-03,25154,9767,15127,50048
2022-12-04,13930,5711,8920,28561
2022-12-05,22756,11664,12289,46709
2022-12-06,23310,11865,13104,48279
2022-12-07,24711,12380,14064,51155
2022-12-08,25630,12498,14720,52848
2022-12-09,28387,13639,16514,58540
2022-12-10,29260,10394,17041,56695
2022-12-11,15711,5987,10189,31887
2022-12-12,23961,11855,12809,48625
2022-12-13,25268,12538,14847,52653
2022-12-14,22707,12116,13856,48679
2022-12-15,24595,13176,14434,52205
2022-12-16,26905,13908,16994,57807
2022-12-17,27735,10805,16741,55281
2022-12-18,13687,5548,9144,28379
2022-12-19,22829,11833,13304,47966
2022-12-20,26025,12873,15025,53923
2022-12-21,25176,13221,15304,53701
2022-12-22,25098,13424,15428,53950
2022-12-23,24888,14022,17098,56008
2022-12-24,21792,9387,14772,45951
2022-12-25,15127,7229,11952,34308
2022-12-26,24409,12786,14589,51784
2022-12-27,26711,13318,15617,55646
2022-12-28,26072,13445,16379,55896
2022-12-29,26596,13563,16338,56497
2022-12-30,28038,14312,16948,59298
2022-12-31,23146,8289,13584,45019
2023-01-01,10749,4136,7531,22416
2023-01-02,22862,10936,12285,46083
2023-01-03,23796,11464,12736,47996
2023-01-04,24700,12535,13935,51170
2023-01-05,25374,12368,13816,51558
2023-01-06,27426,13261,15652,56339
2023-01-07,23931,9255,14544,47730
2023-01-08,14380,5715,8804,28899
2023-01-09,24957,11824,13095,49876
2023-01-10,26252,12460,14006,52718
2023-01-11,26205,12537,14161,52903
2023-01-12,26885,12806,14782,54473
2023-01-13,25779,13062,15106,53947
2023-01-14,24712,9504,14689,48905
2023-01-15,13012,5604,8459,27075
2023-01-16,24833,12339,13232,50404
2023-01-17,25227,12479,13720,51426
2023-01-18,25768,12612,14212,52592
2023-01-19,25492,12340,13864,51696
2023-01-20,24188,12011,13657,49856
2023-01-21,10732,4254,6896,21882
2023-01-22,7315,3173,5302,15790
2023-01-23,13765,5625,9519,28909
2023-01-24,9863,4065,6069,19997
2023-01-25,19916,10918,10732,41566
2023-01-26,22944,12438,13362,48744
2023-01-27,25848,13037,15391,54276
2023-01-28,23914,8876,14471,47261
2023-01-29,13789,5465,9000,28254
2023-01-30,24115,12184,13285,49584
2023-01-31,24821,12131,13846,50798
2023-02-01,25720,12297,14301,52318
2023-02-02,25438,12204,14189,51831
2023-02-03,27487,12648,15895,56030
2023-02-04,25405,9760,15719,50884
2023-02-05,14856,5411,9472,29739
2023-02-06,24687,11743,13289,49719
2023-02-07,25548,12175,14236,51959
2023-02-08,26030,12570,14281,52881
2023-02-09,26430,12580,14551,53561
2023-02-10,27577,13530,16020,57127
2023-02-11,27479,9844,16475,53798
2023-02-12,15443,6016,10054,31513
2023-02-13,25141,12144,13274,50559
2023-02-14,26610,12943,14390,53943
2023-02-15,26510,13073,14643,54226
2023-02-16,26333,12859,14415,53607
2023-02-17,28851,14179,16157,59187
2023-02-18,26230,10517,15462,52209
2023-02-19,15273,6079,9352,30704
2023-02-20,25104,12591,13405,51100
2023-02-21,25665,12896,14030,52591
2023-02-22,25749,13163,14319,53231
2023-02-23,27043,13129,14699,54871
2023-02-24,29566,14352,16465,60383
2023-02-25,27811,10717,15790,54318
2023-02-26,15784,6170,9720,31674
2023-02-27,24911,12718,13463,51092
2023-02-28,28255,14076,16204,58535
2023-03-01,22911,8278,13005,44194
2023-03-02,24775,11979,12842,49596
2023-03-03,27137,13343,14897,55377
2023-03-04,26039,10082,15035,51156
2023-03-05,15323,5803,9111,30237
2023-03-06,25018,12253,12703,49974
2023-03-07,25854,12219,13437,51510
2023-03-08,25399,12617,13747,51763
2023-03-09,25931,12773,14032,52736
2023-03-10,29007,14347,16138,59492
2023-03-11,28684,11262,17211,57157
2023-03-12,13558,5495,8259,27312
2023-03-13,24325,12313,12906,49544
2023-03-14,26142,12759,13985,52886
2023-03-15,25968,12824,14381,53173
2023-03-16,26564,12988,14396,53948
2023-03-17,28491,14508,16464,59463
2023-03-18,28966,11650,17703,58319
2023-03-19,16680,6656,10061,33397
2023-03-20,25300,12449,13525,51274
2023-03-21,26421,12795,14195,53411
2023-03-22,25928,12868,14470,53266
2023-03-23,26270,13035,14570,53875
2023-03-24,29076,14705,17094,60875
2023-03-25,29827,12348,18426,60601
2023-03-26,16612,6888,11010,34510
2023-03-27,25285,12493,13273,51051
2023-03-28,25821,13014,14007,52842
2023-03-29,25998,13062,14864,53924
2023-03-30,26460,13404,14946,54810
2023-03-31,28297,14859,17304,60460
2023-04-01,26246,11224,17565,55035
2023-04-02,15695,6574,10650,32919
2023-04-03,24867,12534,13818,51219
2023-04-04,25176,12700,14354,52230
2023-04-05,22118,11977,13137,47232
2023-04-06,25333,13404,14536,53273
2023-04-07,28824,14975,17726,61525
2023-04-08,27176,11151,17772,56099
2023-04-09,16076,6705,10791,33572
2023-04-10,25135,12762,13925,51822
2023-04-11,22924,12368,13125,48417
2023-04-12,26139,13204,15353,54696
2023-04-13,26333,13201,15325,54859
2023-04-14,28325,14706,17216,60247
2023-04-15,25024,10037,15550,50611
2023-04-16,15215,6264,9736,31215
2023-04-17,24949,12602,13669,51220
2023-04-18,23827,12505,13118,49450
2023-04-19,26038,13274,14861,54173
2023-04-20,25639,13256,14234,53129
2023-04-21,28521,14620,16987,60128
2023-04-22,26060,10600,15949,52609
2023-04-23,14929,6134,9550,30613
2023-04-24,24535,12370,13443,50348
2023-04-25,23733,12762,13395,49890
2023-04-26,25793,13222,14673,53688
2023-04-27,26552,13605,15376,55533
2023-04-28,29010,15393,17858,62261
2023-04-29,22854,10192,14862,47908
2023-04-30,17941,8093,12954,38988
2023-05-01,23402,9596,13913,46911
2023-05-02,25669,13449,14655,53773
2023-05-03,26671,14033,15303,56007
2023-05-04,27553,14535,16618,58706
2023-05-05,15767,7387,10841,33995
2023-05-06,17974,8400,12345,38719
2023-05-07,14739,6178,9555,30472
2023-05-08,24579,12510,12957,50046
2023-05-09,25764,13211,14379,53354
2023-05-10,26257,13365,15120,54742
2023-05-11,26901,13736,15488,56125
2023-05-12,29466,15184,18169,62819
2023-05-13,27764,11798,17879,57441
2023-05-14,16301,6919,10363,33583
2023-05-15,25223,13011,14313,52547
2023-05-16,26249,13647,15299,55195
2023-05-17,25668,13631,15664,54963
2023-05-18,25741,13442,15215,54398
2023-05-19,29080,15643,18433,63156
2023-05-20,35239,13771,20773,69783
2023-05-21,16493,7227,11270,34990
2023-05-22,24657,12778,13835,51270
2023-05-23,25636,13242,14641,53519
2023-05-24,25531,13253,14875,53659
2023-05-25,26492,13789,15629,55910
2023-05-26,28557,14894,18626,62077
2023-05-27,22000,9979,15142,47121
2023-05-28,14312,6624,10425,31361
2023-05-29,18926,8057,12185,39168
2023-05-30,24575,13235,14750,52560
2023-05-31,25475,13729,15450,54654
2023-06-01,25610,13634,15650,54894
2023-06-02,27508,15001,17585,60094
2023-06-03,26352,11618,17021,54991
2023-06-04,15392,7056,11379,33827
2023-06-05,26205,13668,17222,57095
2023-06-06,19024,8051,12374,39449
2023-06-07,24632,13153,14677,52462
2023-06-08,25011,13127,14822,52960
2023-06-09,27242,14802,17724,59768
2023-06-10,24700,10714,15153,50567
2023-06-11,14620,6105,9383,30108
2023-06-12,24098,12666,13349,50113
2023-06-13,25250,12958,14567,52775
2023-06-14,25023,13568,14845,53436
2023-06-15,26544,13540,15186,55270
2023-06-16,28104,15010,17575,60689
2023-06-17,26976,11743,17097,55816
2023-06-18,15136,6700,9767,31603
2023-06-19,23257,12780,13532,49569
2023-06-20,24815,13008,14322,52145
2023-06-21,24519,13340,14479,52338
2023-06-22,26822,14088,15990,56900
2023-06-23,28522,15137,18061,61720
2023-06-24,26811,11145,16857,54813
2023-06-25,14843,6431,9900,31174
2023-06-26,22155,12185,12907,47247
2023-06-27,25271,13418,14529,53218
2023-06-28,25050,13394,14963,53407
2023-06-29,20977,12280,12778,46035
2023-06-30,26420,14646,16338,57404
